0	0	0.010020715903068843	0.0296767355590885	0.0052512405453581925	0.3993833405598112	0.004239533651298357	0.08011755070578601	0.01320036614154261	0.0013489425254131137	0.05901623548682372	0.023751023751023753	0.048899166546225364	4.817651876475406E-4	0.0030832972009442595	0.03473527002938768	0.2867948162065809
1	1	0.33467202141900937	0.03346720214190094	0.0013386880856760374	0.0013386880856760374	0.00535475234270415	0.10174029451137884	0.19410977242302543	0.07362784471218206	0.0013386880856760374	0.029451137884872823	0.03346720214190094	0.017402945113788485	0.0013386880856760374	0.03748326639892905	0.13386880856760375
2	2	7.793364506791361E-4	0.04486751280338455	0.001447339122689824	0.18681808060565577	0.0011133377866844802	0.07626363838788688	0.005121353818748608	1.11333778668448E-4	0.28935649075929637	0.030839456691160096	0.0415274994433311	0.01514139389890893	1.11333778668448E-4	0.05488755288354487	0.25161433979069253
3	3	2.7917364600781687E-4	0.007816862088218872	2.7917364600781687E-4	0.0011166945840312675	0.39391401451702956	0.09659408151870463	2.7917364600781687E-4	2.7917364600781687E-4	0.00446677833612507	0.0011166945840312675	0.00530429927414852	0.0027917364600781687	0.06560580681183696	0.1719709659408152	0.24818537130094917
4	4	0.050472040668119104	0.014524328249818447	3.6310820624546115E-4	0.03413217138707335	0.01561365286855483	0.0439360929557008	0.016702977487291215	0.4371822803195352	0.0014524328249818446	0.033042846768336964	0.010167029774872913	3.6310820624546115E-4	0.0036310820624546117	0.09295570079883805	0.24546114742193176
5	5	0.09880395215808632	0.0036401456058242332	0.005200208008320333	5.200208008320332E-4	0.002080083203328133	0.05824232969318773	0.044201768070722826	0.009880395215808632	5.200208008320332E-4	0.02080083203328133	0.07852314092563703	0.2891315652626105	0.002080083203328133	0.1846073842953718	0.20176807072282893
6	6	0.03327596098680436	0.009179575444635685	0.010900745840504876	0.016064257028112452	5.737234652897303E-4	0.065978198508319	0.045324153757888695	0.3930005737234653	0.002294893861158921	5.737234652897303E-4	5.737234652897303E-4	0.08146873207114172	0.007458405048766494	0.11072862880091795	0.2226047045324154
7	7	0.03814452750622963	0.00996741422273337	0.0013417672992141077	0.04792026068621813	0.1980065171554533	0.06919685643089898	7.667241709794901E-4	0.0030668966839179604	0.019743147402721872	0.010542457350967989	0.08242284838029519	0.13302664366494155	0.0047920260686218135	0.12612612612612614	0.25493578685068047
8	8	0.19774774774774775	0.005855855855855855	0.0072072072072072065	0.0045045045045045045	0.3099099099099099	0.06801801801801802	0.01936936936936937	0.00990990990990991	4.504504504504504E-4	0.005855855855855855	0.0436936936936937	0.018018018018018018	4.504504504504504E-4	0.10450450450450449	0.20450450450450453
9	9	0.7085271317829458	0.062015503875969	0.0015503875968992248	0.04806201550387597	0.0015503875968992248	0.0015503875968992248	0.0015503875968992248	0.010852713178294573	0.006201550387596899	0.03875968992248062	0.006201550387596899	0.0015503875968992248	0.0015503875968992248	0.034108527131782945	0.07596899224806201
10	10	0.12470862470862472	0.01282051282051282	2.331002331002331E-4	0.17226107226107226	0.0037296037296037296	0.06386946386946386	2.331002331002331E-4	0.042890442890442894	2.331002331002331E-4	0.042890442890442894	0.013519813519813519	2.331002331002331E-4	2.331002331002331E-4	0.16806526806526806	0.35407925407925406
11	11	0.07312153303076148	0.024710035300050427	0.008068582955118506	0.0746343923348462	5.042864346949066E-4	0.05042864346949068	5.042864346949066E-4	5.042864346949066E-4	0.03983862834089763	0.042864346949067066	0.06858295511850732	0.005042864346949067	0.02319717599596571	0.34846192637418055	0.2395360564800807
12	12	0.0329482242190843	0.009841677364142062	0.01561831407787762	0.014334617030380829	0.17864783910997004	0.06439880188275567	0.07787762088147197	0.0014976465554129227	0.005990586221651691	0.009841677364142062	2.1394950791613177E-4	0.043859649122807015	0.19020111253744115	0.12537441163885324	0.22935387248609326
13	13	0.009418856550814732	0.012809644909108036	0.007158330978619195	0.06960534991052086	3.7675426203258924E-4	0.08486389752284072	0.03513233493453895	6.593199585570312E-4	0.40642366016765563	0.010266553640388058	0.03456720354149006	9.418856550814732E-4	3.7675426203258924E-4	0.08966751436375624	0.2377319393425638
14	14	0.18399339933993397	0.0033003300330033	0.020627062706270627	0.0132013201320132	8.25082508250825E-4	0.06765676567656766	0.537953795379538	0.008250825082508252	8.25082508250825E-4	0.020627062706270627	8.25082508250825E-4	8.25082508250825E-4	0.0033003300330033	0.03547854785478548	0.10231023102310231
15	15	0.018345535639148362	0.04227888580324834	8.247075654296053E-4	0.02738365732559118	1.6830766641420516E-5	0.13336699486661618	0.0013801228645964822	0.002087015063536144	0.003551291761339729	0.4184970125389212	0.0156694437431625	6.732306656568207E-4	0.0016325843642177903	0.02021375073634604	0.31407893629554823
16	16	0.1746617466174662	0.0012300123001230013	0.004920049200492005	0.00861008610086101	0.0012300123001230013	0.07872078720787208	0.0012300123001230013	0.004920049200492005	0.004920049200492005	0.0012300123001230013	0.0012300123001230013	0.3370233702337023	0.0012300123001230013	0.00861008610086101	0.37023370233702335
17	17	0.09727385377942999	0.006195786864931847	0.04337050805452292	0.06381660470879802	0.030359355638166045	0.14745972738537794	0.16232961586121436	6.195786864931846E-4	0.01734820322180917	6.195786864931846E-4	0.006195786864931847	6.195786864931846E-4	6.195786864931846E-4	0.218091697645601	0.2050805452292441
18	18	0.12507876496534343	0.1430371770636421	3.15059861373661E-4	0.02488972904851922	0.05419029615626969	0.059861373660995594	3.15059861373661E-4	3.15059861373661E-4	0.011657214870825458	0.001260239445494644	0.022999369880277253	0.15248897290485194	0.006931316950220542	0.14681789540012602	0.24984247006931315
19	19	0.03907203907203907	6.105006105006105E-4	0.015262515262515264	0.04456654456654457	0.02075702075702076	0.09584859584859586	0.40354090354090355	0.004273504273504274	0.022588522588522588	6.105006105006105E-4	0.006105006105006105	0.02075702075702076	0.006105006105006105	0.10134310134310134	0.21855921855921856
20	20	0.0021645021645021645	0.35443722943722944	0.005411255411255412	0.16774891774891773	0.005411255411255412	0.04924242424242424	0.005411255411255412	5.411255411255411E-4	0.058982683982683984	5.411255411255411E-4	0.01352813852813853	0.008658008658008658	0.003787878787878788	0.05411255411255412	0.27002164502164505
21	21	4.2517006802721087E-4	4.2517006802721087E-4	0.004251700680272109	0.011904761904761906	0.0195578231292517	0.05399659863945579	0.033588435374149656	0.008078231292517007	4.2517006802721087E-4	0.005527210884353741	0.045068027210884355	0.0029761904761904765	0.344812925170068	0.19557823129251703	0.2733843537414966
22	22	0.009775171065493646	0.01228878648233487	0.009775171065493646	0.011450914676721128	0.06549364613880743	0.09230554391844714	0.04329004329004329	0.004329004329004329	0.0030721966205837174	1.3964530093562352E-4	0.011450914676721128	0.022762184052506636	0.319368803239771	0.13294232649071358	0.26155564865242287
23	23	0.03821800090456807	0.045002261420171864	2.261420171867933E-4	2.261420171867933E-4	0.004975124378109453	0.06806874717322478	0.01175938489371325	0.38692899140660336	9.045680687471732E-4	0.006331976481230213	0.051108095884215284	2.261420171867933E-4	2.261420171867933E-4	0.15355042966983265	0.23224785165083672
24	24	0.03592085235920853	0.04870624048706241	0.00121765601217656	0.024961948249619482	0.08614916286149163	0.2213089802130898	0.02313546423135464	0.014003044140030441	0.00852359208523592	3.0441400304414E-4	0.03592085235920853	0.00213089802130898	0.00578386605783866	0.3007610350076103	0.19117199391171993
25	25	0.026232473993668022	0.012663952962460426	4.522840343735866E-4	0.018091361374943465	0.016734509271822705	0.047942107643600185	0.004522840343735866	0.47535052012663953	0.0018091361374943465	0.0235187697874265	0.005879692446856625	4.522840343735866E-4	0.0031659882406151066	0.14020805065581185	0.2229760289461782
26	26	0.35510029876227056	0.034997865983781476	4.268032437046521E-4	4.268032437046521E-4	4.268032437046521E-4	0.10029876227059326	4.268032437046521E-4	4.268032437046521E-4	0.002987622705932565	0.04396073410157918	0.10670081092616303	0.010670081092616305	0.002987622705932565	0.009389671361502348	0.3307725138711054
27	27	0.04150537634408602	0.035698924731182795	8.602150537634409E-4	0.04408602150537634	0.3253763440860215	0.07634408602150537	0.01763440860215054	0.024086021505376344	2.1505376344086021E-4	0.025376344086021508	0.013763440860215054	0.01763440860215054	0.0034408602150537634	0.20989247311827955	0.16408602150537635
28	28	0.017313171159325003	2.1915406530791145E-4	0.0041639272408503175	0.03572211264518957	2.1915406530791145E-4	0.07648476879246109	2.1915406530791145E-4	0.44860837168529477	2.1915406530791145E-4	0.008766162612316459	0.017313171159325003	0.0048213894367740515	0.0028490028490028487	0.13302651764190226	0.25005478851632695
29	29	0.03887113951011714	0.003727369542066028	0.003727369542066028	0.0021299254526091584	0.022896698615548456	0.07082002129925453	0.0021299254526091584	5.324813631522896E-4	0.003727369542066028	0.035676251331203404	0.011714589989350372	0.0021299254526091584	0.4621938232161874	0.14110756123535675	0.19861554845580404
30	30	0.06303926747666842	0.035569642542701174	0.0017608733932030288	1.7608733932030285E-4	0.32030287022363096	0.1227328755062511	1.7608733932030285E-4	0.018136995949991196	1.7608733932030285E-4	0.021834830075717557	1.7608733932030285E-4	0.019721782003873922	0.031871808416974824	0.05722838527909843	0.3070963197746082
31	31	0.008954678362573099	1.827485380116959E-4	1.827485380116959E-4	0.018274853801169593	0.1027046783625731	0.05281432748538011	0.024853801169590645	0.005116959064327486	0.006761695906432749	0.009502923976608187	0.007858187134502924	0.31871345029239767	0.028691520467836257	0.13450292397660818	0.28088450292397665
32	32	0.00516795865633075	0.00516795865633075	0.0067183462532299735	5.167958656330749E-4	0.20981912144702844	0.09509043927648579	0.0020671834625322996	0.04082687338501292	0.012919896640826874	0.03462532299741602	0.012919896640826874	0.03772609819121447	5.167958656330749E-4	0.2501291989664083	0.28578811369509044
33	33	0.02983042455749474	1.2377769525931428E-4	0.012006436440153485	0.004579774724594628	0.034657754672607996	0.053967075133061024	0.013491768783265256	0.06473573462062136	0.006436440153484341	0.008293105582374055	0.005693773981928457	0.04505508107439039	0.02166109667038	0.4902834509221438	0.20918430498824114
34	34	0.09574944071588366	0.0017897091722595077	0.003131991051454139	0.0044742729306487695	4.474272930648769E-4	0.056823266219239374	0.4930648769574944	4.474272930648769E-4	4.474272930648769E-4	0.028635346756152123	0.0017897091722595077	4.474272930648769E-4	0.016554809843400447	0.13064876957494406	0.16554809843400448
35	35	0.06444624966152179	2.7078256160303275E-4	0.02707825616030328	0.009206607094503114	0.005957216355266721	0.12131058759815869	0.005144868670457622	0.007581911724884918	0.0018954779312212295	0.07013268345518549	0.00676956404007582	0.2659084754941782	0.0035201733008394256	0.07419442187923098	0.33658272407256973
36	36	0.21296296296296297	0.07962962962962963	0.0018518518518518517	0.057407407407407414	0.0018518518518518517	0.12407407407407407	0.05185185185185186	0.007407407407407407	0.0018518518518518517	0.057407407407407414	0.0462962962962963	0.20740740740740743	0.012962962962962964	0.01851851851851852	0.11851851851851851
37	37	0.005339435545385202	1.9069412662090006E-4	0.0064836003051106025	0.03852021357742181	0.02479023646071701	0.12433257055682685	0.02250190694126621	0.0036231884057971015	0.007627765064836004	0.008199847444698703	0.001906941266209001	0.02364607170099161	0.3096872616323417	0.11403508771929825	0.30911517925247906
38	38	0.04931093884582256	0.2676571920757967	2.153316106804479E-4	0.020887166236003448	0.002153316106804479	0.09000861326442722	2.153316106804479E-4	0.0015073212747631353	0.004737295434969853	0.23083548664944012	0.06352282515073213	0.0027993109388458224	2.153316106804479E-4	2.153316106804479E-4	0.26571920757967266
39	39	0.036036036036036036	0.05742005742005742	0.005148005148005148	0.13404613404613405	0.004554004554004554	0.13345213345213344	0.06603306603306604	3.9600039600039597E-4	0.004851004851004851	0.022077022077022074	0.02445302445302445	0.01762201762201762	0.0021780021780021777	0.21304821304821306	0.2786852786852787
40	40	0.05227379278012189	0.03609939052977028	9.376465072667604E-4	0.0037505860290670415	0.017815283638068447	0.16619784341303329	0.23722456633849037	0.0023441162681669013	0.004453820909517112	0.015705578996718237	0.014299109235818095	0.10150023441162682	0.0023441162681669013	0.1162681669010783	0.22878574777308952
41	41	0.004426285325161729	3.4048348655090226E-4	0.022812393598910453	0.06469186244467144	0.02587674497786857	0.05345590738849166	0.021790943139257744	3.4048348655090226E-4	0.001361933946203609	0.012597889002383384	0.008512087163772558	0.002383384405856316	0.351719441607082	0.11576438542730677	0.3139257745999319
42	42	0.06461275139067181	0.0017115960633290541	0.0029952931108258455	0.011981172443303382	0.017115960633290545	0.11724433033804021	0.005562687205819426	4.2789901583226354E-4	0.011981172443303382	0.03380402225074882	0.01069747539580659	0.3893881044073598	0.005562687205819426	0.11852802738553701	0.20838682071031236
43	43	0.3819360064803564	0.028351559335763464	4.0502227622519235E-4	0.021061158363710003	0.0028351559335763467	0.23734305386796276	0.0028351559335763467	0.006480356419603078	0.007695423248278655	4.0502227622519235E-4	0.007695423248278655	0.0016200891049007694	0.0016200891049007694	0.07816929931146213	0.22154718509518026
44	44	0.030239099859353025	7.032348804500703E-4	7.032348804500703E-4	0.023909985935302393	0.12517580872011252	0.11040787623066105	0.057665260196905765	7.032348804500703E-4	0.004922644163150493	7.032348804500703E-4	0.08931082981715893	0.05977496483825598	0.06821378340365683	0.1420534458509142	0.2855133614627286
45	45	0.19917324314167606	0.20537391957910558	1.8789928598271326E-4	0.044156332205937614	0.003006388575723412	0.11856444945509208	1.8789928598271326E-4	0.013716647876738068	0.0018789928598271328	0.058248778654641106	0.01597143930853063	0.004697482149567832	1.8789928598271326E-4	0.006388575723412252	0.3282600526118001
46	46	0.0014798372179060301	0.003699593044765076	3.6995930447650754E-4	0.032556418793932666	0.02256751757306696	0.13466518682944875	0.29115797262301146	3.6995930447650754E-4	0.0025897151313355534	0.03033666296707362	0.04032556418793933	0.060303366629670736	3.6995930447650754E-4	0.11801701812800591	0.2611912689604144
47	47	0.4087523277467412	0.00931098696461825	9.31098696461825E-4	0.006517690875232775	0.012104283054003724	0.07355679702048416	0.0037243947858473	0.0148975791433892	9.31098696461825E-4	0.006517690875232775	0.012104283054003724	9.31098696461825E-4	0.04283054003724395	0.2132216014897579	0.19366852886405958
48	48	0.36228338430173296	0.052191641182466865	2.038735983690112E-4	0.02833843017329256	0.007543323139653415	0.1365953109072375	0.047910295616717634	0.003261977573904179	2.038735983690112E-4	0.0381243628950051	0.01671763506625892	2.038735983690112E-4	2.038735983690112E-4	0.11946992864424058	0.18674821610601425
49	49	0.06918238993710692	0.012578616352201257	0.003144654088050314	0.003144654088050314	0.05031446540880503	0.003144654088050314	0.6446540880503144	0.003144654088050314	0.012578616352201257	0.003144654088050314	0.003144654088050314	0.003144654088050314	0.022012578616352203	0.022012578616352203	0.14465408805031446
50	50	0.325503914709312	0.0011660836248542396	0.026153589871730804	0.02115608862235549	0.012660336498417458	0.16508412460436447	0.011161086123604863	0.005164084624354489	0.01765783774779277	0.0036648342495418955	0.007163085124104615	0.016158587372980177	1.6658337497917706E-4	0.16358487422955187	0.22355488922205563
51	51	0.24257158292814696	0.011129119394921665	1.0804970286331712E-4	0.0023770934629929767	0.021501890869800106	0.2584548892490546	0.016963803349540788	4.3219881145326847E-4	0.007563479200432198	0.060075634792004326	0.00302539168017288	0.01242571582928147	0.009184224743381954	0.02928146947595894	0.3249054565099946
52	52	0.09117769454848107	0.005409904286308781	0.006034124011652102	0.03736995422388681	0.004286308780690804	0.11190178942987933	0.007157719517270079	4.161464835622139E-5	0.2680815647107782	0.0799417394923013	0.010903037869330003	0.014648356221389928	5.409904286308781E-4	0.017145235122763215	0.34535996670828134
53	53	0.07146892655367232	0.0011299435028248588	2.824858757062147E-4	0.15706214689265538	0.06977401129943503	0.039265536723163845	0.0011299435028248588	0.008757062146892656	0.012994350282485877	2.824858757062147E-4	0.01807909604519774	0.2790960451977401	2.824858757062147E-4	0.13163841807909604	0.20875706214689266
54	54	0.20645905420991925	0.007497116493656286	0.002306805074971165	0.010957324106113032	0.007497116493656286	0.04209919261822376	0.010957324106113032	0.2773933102652826	5.767012687427913E-4	0.031718569780853516	0.002306805074971165	0.004036908881199539	5.767012687427913E-4	0.18396770472895038	0.21164936562860437
55	55	0.023547202419529057	0.005400734499891985	0.004104558219917909	0.002808381939943832	0.002808381939943832	0.09289263339814216	0.13048174551739036	0.006696910779866062	0.002808381939943832	2.160293799956794E-4	0.008641175199827177	0.0514149924389717	0.35407215381291857	0.1272413048174552	0.18686541369626267
56	56	0.012669891730016125	0.00506795669200645	0.005759041695461876	0.027182676802580054	0.00506795669200645	0.08177839207555862	0.29048606311909697	0.00783229670582815	0.027182676802580054	0.004376871688551025	0.05413499193734162	0.07763188205482607	2.30361667818475E-4	0.13568302234508178	0.26491591799124625
57	57	0.010276172125883108	6.422607578676942E-4	0.025690430314707774	0.0044958253050738604	0.18368657675016056	0.06615285806037252	0.10468850353243417	6.422607578676942E-4	0.0044958253050738604	6.422607578676942E-4	6.422607578676942E-4	0.10468850353243417	0.07385998715478485	0.2010276172125883	0.21836865767501604
58	58	0.09896840747904577	0.009026434558349453	3.223726627981947E-4	0.400709219858156	3.223726627981947E-4	0.04577691811734365	0.019664732430689877	0.014829142488716958	0.004190844616376531	0.05061250805931657	0.0051579626047711154	0.0022566086395873633	0.004190844616376531	0.10477111540941328	0.23920051579626048
59	59	0.0606425702811245	0.025702811244979917	0.002811244979919679	0.08112449799196787	4.016064257028112E-4	0.043775100401606426	0.4859437751004016	0.014859437751004017	4.016064257028112E-4	0.011244979919678716	0.008835341365461847	4.016064257028112E-4	0.0016064257028112448	0.024497991967871485	0.23775100401606428
60	60	0.13297101449275361	0.052536231884057975	0.13731884057971014	3.6231884057971015E-4	0.03079710144927536	0.1036231884057971	0.03297101449275362	3.6231884057971015E-4	0.0036231884057971015	0.007971014492753623	0.0014492753623188406	0.04492753623188406	0.012318840579710146	0.1851449275362319	0.2536231884057971
61	61	0.10443722943722943	0.007034632034632034	0.01028138528138528	0.011904761904761904	0.008658008658008658	0.04924242424242424	0.0800865800865801	5.411255411255411E-4	0.01352813852813853	0.021645021645021648	0.003787878787878788	0.011904761904761904	0.4745670995670995	0.008658008658008658	0.1937229437229437
62	62	0.03987538940809968	0.03426791277258567	0.015576323987538943	0.024922118380062308	6.230529595015575E-4	0.0809968847352025	0.019314641744548288	0.008099688473520248	0.02679127725856698	0.10716510903426792	0.23426791277258566	0.00249221183800623	6.230529595015575E-4	0.0940809968847352	0.31090342679127725
63	63	0.0024783147459727386	2.478314745972738E-4	0.07905824039653035	0.027757125154894674	0.009913258983890954	0.12218091697645601	0.26047087980173483	2.478314745972738E-4	0.004708798017348203	0.01883519206939281	0.05898389095415117	0.02998760842627014	0.00322180916976456	0.08798017348203221	0.2939281288723668
64	64	0.012800819252432157	5.120327700972862E-4	0.02816180235535074	5.120327700972862E-4	0.049667178699436765	0.17562724014336917	0.2201740911418331	5.120327700972862E-4	0.005120327700972862	0.015873015873015876	0.002048131080389145	0.08499743983614952	5.120327700972862E-4	0.2493599590373784	0.15412186379928314
65	65	0.11854768153980752	0.199912510936133	0.003062117235345582	4.3744531933508307E-4	4.3744531933508307E-4	0.05161854768153981	0.003062117235345582	0.018810148731408575	4.3744531933508307E-4	0.03455818022747156	0.031933508311461065	0.0017497812773403323	4.3744531933508307E-4	0.3127734033245844	0.22222222222222224
66	66	5.473453749315818E-4	0.0071154898741105635	5.473453749315818E-4	5.473453749315818E-4	0.10892172961138477	0.10071154898741105	0.03995621237000547	0.24685276409414342	0.005473453749315818	5.473453749315818E-4	0.028461959496442254	0.03667214012041598	0.0021893814997263274	0.2419266557197592	0.17952928297755882
67	67	0.012944983818770225	2.4894199651481205E-4	2.4894199651481205E-4	9.957679860592482E-4	0.3579785909882997	0.09957679860592483	2.4894199651481205E-4	0.009210853871048046	2.4894199651481205E-4	0.009957679860592483	2.4894199651481205E-4	2.4894199651481205E-4	0.040577545431914365	0.16231018172765746	0.30495394573064477
68	68	0.131246967491509	0.022804463852498787	0.005337214944201843	0.011887433284813197	0.005337214944201843	0.07229500242600678	0.3182920912178554	0.015526443474041727	0.008976225133430374	0.02207666181465308	0.014070839398350314	0.014070839398350314	0.011159631246967491	0.08102862688015526	0.26589034449296456
69	69	3.3467202141900936E-4	0.0013386880856760374	0.0013386880856760374	0.010374832663989291	0.44310575635876837	0.06961178045515394	0.01137884872824632	0.029451137884872823	0.0013386880856760374	0.0013386880856760374	0.010374832663989291	0.006358768406961177	0.03447121820615797	0.19712182061579653	0.1820615796519411
70	70	0.023809523809523808	0.0010822510822510823	0.017316017316017316	0.08712121212121211	0.33549783549783546	0.057088744588744585	0.026244588744588748	2.7056277056277056E-4	0.003517316017316017	0.004329004329004329	0.015692640692640692	0.046536796536796536	0.021374458874458872	0.154491341991342	0.20562770562770563
71	71	0.04384787472035794	0.02371364653243848	0.0029082774049217	0.05995525727069351	0.0022371364653243847	0.01297539149888143	0.008948545861297539	0.018344519015659956	0.05190156599552572	0.04519015659955257	0.0035794183445190153	0.008277404921700223	0.008277404921700223	0.4727069351230425	0.2371364653243848
72	72	9.959167413604223E-5	0.039239119609600644	0.003087341898217309	0.1339508017129768	0.0018922418085848022	0.13245692660093616	0.008764067323971716	3.983666965441689E-4	0.299472164127079	0.0039836669654416896	0.032367294094213725	0.010556717458420477	0.004879992032666069	0.0712080470072702	0.25764366098994124
73	73	0.02837404391808537	0.02615346656797434	2.467308166790032E-4	0.00838884776708611	0.010609425117197138	0.14162348877374784	0.0698248211201579	2.467308166790032E-4	0.012830002467308166	0.07130520602023192	0.19491734517641252	0.077226745620528	2.467308166790032E-4	0.012089810017271156	0.3459166049839625
74	74	0.0016733601070950468	0.2501673360107095	0.012717536813922355	0.18892235609103078	1.6733601070950468E-4	0.09554886211512718	0.010207496653279784	0.006191432396251674	0.0428380187416332	0.02928380187416332	0.04082998661311914	1.6733601070950468E-4	6.693440428380187E-4	0.09052878179384204	0.23008701472556894
75	75	0.048051456678017405	3.783579265985622E-4	3.783579265985622E-4	0.01172909572455543	0.03670071888006054	0.08323874385168369	0.0026485054861899358	0.0015134317063942488	0.018539538403329548	0.03556564510026485	0.18993567915247825	0.016269390843738178	0.017404464623533865	0.3193340900491865	0.21831252364737042
76	76	0.0890937019969278	3.8402457757296467E-4	0.0015360983102918587	0.30568356374807987	0.002688172043010753	0.10176651305683564	0.04185867895545315	0.0015360983102918587	0.0049923195084485405	0.029185867895545312	3.8402457757296467E-4	0.09715821812596005	0.0038402457757296467	0.029185867895545312	0.2907066052227343
77	77	0.1053639846743295	0.05035577449370553	0.005199781061850027	0.0010946907498631637	2.736726874657909E-4	0.06513409961685823	0.015051997810618499	0.36891078270388616	2.736726874657909E-4	0.016694033935413244	0.010946907498631636	0.0035577449370552817	0.002736726874657909	0.10125889436234263	0.2531472359058566
78	78	0.33333333333333337	0.00980392156862745	7.541478129713423E-4	7.541478129713423E-4	0.030165912518853696	0.0799396681749623	0.023378582202111614	0.0030165912518853692	7.541478129713423E-4	0.014328808446455505	0.016591251885369532	0.24283559577677225	7.541478129713423E-4	0.06636500754147813	0.17722473604826544
79	79	0.03257931426945511	1.422677479015507E-4	0.16787594252382984	0.024470052639066726	0.0027030872101294636	0.14909659980082515	0.09190496514440177	0.004837103428652725	0.006544316403471333	0.038554559681320245	0.01721439749608764	0.04922464077393655	0.018068003983496943	0.08251529378289942	0.31426945511452553
80	80	0.031208499335989376	3.3200531208499334E-4	0.0033200531208499337	3.3200531208499334E-4	0.0013280212483399733	0.05312084993359894	0.14674634794156707	0.010292164674634795	0.0023240371845949536	0.004316069057104913	3.3200531208499334E-4	0.3041168658698539	0.0013280212483399733	0.14475431606905712	0.29614873837981404
81	81	0.15408085430968724	7.627765064836002E-4	7.627765064836002E-4	0.003051106025934401	0.007627765064836004	0.07170099160945842	0.398932112890923	7.627765064836002E-4	7.627765064836002E-4	0.016781083142639205	0.08085430968726164	7.627765064836002E-4	7.627765064836002E-4	0.11289092295957286	0.14950419527078565
82	82	0.1426791277258567	6.230529595015575E-4	0.008099688473520248	0.006230529595015577	6.230529595015575E-4	0.05109034267912772	0.28473520249221185	0.008099688473520248	6.230529595015575E-4	0.06604361370716512	0.015576323987538943	0.04922118380062305	0.004361370716510903	0.004361370716510903	0.3576323987538941
83	83	0.13462922966162708	0.026637868970482363	0.007199424046076314	0.0028797696184305254	0.4002879769618431	0.022318214542836574	0.0028797696184305254	0.007199424046076314	7.199424046076314E-4	0.00503959683225342	7.199424046076314E-4	0.01583873290136789	0.030957523398128153	0.14326853851691865	0.1994240460763139
84	84	0.09289617486338798	6.830601092896175E-4	0.00273224043715847	0.01092896174863388	0.008879781420765027	0.04781420765027322	0.00273224043715847	0.0068306010928961755	0.01707650273224044	0.060109289617486336	0.01707650273224044	0.22199453551912568	0.00273224043715847	0.13797814207650272	0.36953551912568305
85	85	0.047415329768270946	0.0196078431372549	0.0024955436720142605	0.013190730837789662	0.013190730837789662	0.07522281639928698	0.0024955436720142605	0.2377896613190731	3.5650623885918E-4	0.05918003565062389	0.1051693404634581	0.012121212121212121	0.00463458110516934	0.13618538324420676	0.2709447415329768
86	86	0.06028051327961802	2.984183825723664E-4	0.0011936735302894657	2.984183825723664E-4	0.41301104148015516	0.0763951059385258	0.004774694121157863	0.026260817666368248	2.984183825723664E-4	0.0011936735302894657	0.002984183825723665	0.007460459564309162	0.01193673530289466	0.24201730826618917	0.15159653834676218
87	87	0.0020431990659661413	0.007297139521307648	0.011675423234092236	0.06596614127262113	0.007297139521307648	0.10011675423234091	0.07822533566841798	0.005545826036193812	0.053706946876824285	0.002918855808523059	0.07297139521307647	0.22183304144775248	0.004670169293636894	0.11587857559836545	0.24985405720957382
88	88	0.0586552217453505	7.15307582260372E-4	0.009298998569384835	0.00715307582260372	0.20672389127324747	0.060801144492131615	7.15307582260372E-4	0.24320457796852646	0.00715307582260372	7.15307582260372E-4	0.005007153075822604	0.00715307582260372	7.15307582260372E-4	0.1573676680972818	0.234620886981402
89	89	0.1042190556021235	0.012014529198100029	2.794076557697681E-4	2.794076557697681E-4	0.3213188041352333	0.15786532550991897	2.794076557697681E-4	0.02039675887119307	2.794076557697681E-4	0.006985191394244202	0.02039675887119307	0.002794076557697681	0.012852752165409332	0.1058955015367421	0.23414361553506566
90	90	0.04670022371364653	0.22874720357941836	0.021532438478747206	0.20777404921700224	5.592841163310962E-4	0.08067673378076064	0.005592841163310962	0.0013982102908277406	0.035794183445190156	0.0022371364653243847	0.03495525727069351	0.008948545861297539	1.3982102908277405E-4	0.05676733780760627	0.2681767337807606
91	91	0.015354550530429927	2.7917364600781687E-4	2.7917364600781687E-4	0.023729759910664432	0.2950865438302624	0.07398101619207147	0.09743160245672808	0.0011166945840312675	0.010329424902289224	0.018704634282523728	0.03294249022892239	0.053042992741485204	0.0027917364600781687	0.19709659408151872	0.17783361250697935
92	92	0.11066532932129722	0.29923102641257104	0.00735539953192912	0.02039451688398529	3.3433634236041456E-4	0.028418589100635237	0.022400534938147774	0.002340354396522902	0.01237044466733534	0.22099632230023405	0.053493814777666335	0.017385489802741558	0.002340354396522902	0.002340354396522902	0.19993313273152793
93	93	0.022170260673768077	0.2780808868104269	0.0052827574261712995	0.035160647787304065	0.016454490343812245	0.09413700528275742	8.660258075690655E-5	0.003983718714817701	0.02684680003464103	0.0029444877457348233	0.07517104009699488	0.012037758725210013	0.002684680003464103	0.1307698969429289	0.29418896683121154
94	94	0.2333333333333333	0.003333333333333333	0.16333333333333333	0.013333333333333332	0.003333333333333333	0.013333333333333332	0.09333333333333334	0.003333333333333333	0.013333333333333332	0.04333333333333333	0.013333333333333332	0.013333333333333332	0.06333333333333332	0.003333333333333333	0.32333333333333336
95	95	0.007318695941450432	0.006320691949434464	0.0053226879574184965	0.0053226879574184965	0.012308715901530274	0.10113107119095142	0.002328675981370592	0.0033266799733865605	0.004324683965402528	0.0033266799733865605	0.18196939454424485	0.21590153027278777	0.015302727877578177	0.11709913506320692	0.31869594145043245
96	96	0.1751287711552612	7.358351729212656E-4	0.0029433406916850625	0.0051508462104488595	0.0029433406916850625	0.11111111111111112	0.03384841795437822	7.358351729212656E-4	7.358351729212656E-4	0.047093451066961	7.358351729212656E-4	0.33848417954378224	7.358351729212656E-4	0.01177336276674025	0.2678440029433407
97	97	0.37110669317428757	3.313452617627568E-4	0.003313452617627568	0.0390987408880053	0.0013253810470510272	0.10072895957587806	0.05500331345261763	3.313452617627568E-4	0.005301524188204109	0.03313452617627568	0.0023194168323392977	0.0023194168323392977	0.015241882041086813	0.07190192180251823	0.29854208084824385
98	98	0.0186219739292365	4.655493482309125E-4	0.004655493482309125	0.025605214152700183	4.655493482309125E-4	0.07309124767225327	0.010242085661080074	0.004655493482309125	0.2560521415270019	0.0074487895716946	0.024208566108007448	0.10242085661080073	4.655493482309125E-4	0.1680633147113594	0.30353817504655495
99	99	0.28700564971751413	0.06598870056497175	0.0015819209039548024	0.01988700564971751	0.0015819209039548024	0.11887005649717515	9.03954802259887E-4	2.2598870056497175E-4	0.003615819209039548	0.0944632768361582	0.05378531073446327	0.003615819209039548	0.0015819209039548024	0.021242937853107345	0.3256497175141243
100	100	0.3664717348927875	0.02436647173489279	9.746588693957114E-4	0.13255360623781678	0.003898635477582846	0.07115009746588694	0.021442495126705652	0.003898635477582846	0.003898635477582846	0.17056530214424953	0.003898635477582846	9.746588693957114E-4	9.746588693957114E-4	0.018518518518518517	0.1764132553606238
101	101	0.07326388888888888	0.03993055555555556	0.010763888888888889	0.015972222222222224	0.0045138888888888885	0.13159722222222223	0.02638888888888889	0.2670138888888889	3.472222222222222E-4	0.012847222222222223	0.005555555555555555	0.0045138888888888885	0.0034722222222222225	0.23680555555555557	0.1670138888888889
102	102	0.07049143873693574	0.3203246608850345	0.0027796308650211254	0.09183900378029797	4.4474093840338E-4	0.07182566155214588	1.11185234600845E-4	0.011118523460084502	0.00778296642205915	0.05047809650878363	0.04213920391372026	0.00244607516121859	0.00978430064487436	0.07082499444073827	0.24760951745608184
103	103	0.030472636815920395	0.004353233830845771	0.006218905472636816	0.0024875621890547263	0.024875621890547265	0.049129353233830844	0.024875621890547265	0.04539800995024875	6.218905472636816E-4	0.019278606965174132	0.009950248756218905	0.3513681592039801	6.218905472636816E-4	0.17039800995024876	0.2599502487562189
104	104	0.36300174520069806	0.06064572425828971	0.001745200698080279	0.004363001745200698	0.001745200698080279	0.08813263525305409	0.014834205933682374	0.006980802792321116	0.006980802792321116	0.056719022687609075	0.037085514834205933	0.04493891797556719	0.003054101221640489	0.021378708551483418	0.28839441535776617
105	105	0.011415525114155252	4.5662100456621003E-4	4.5662100456621003E-4	4.5662100456621003E-4	0.07305936073059362	0.1278538812785388	0.034703196347031964	4.5662100456621003E-4	4.5662100456621003E-4	0.008675799086757991	4.5662100456621003E-4	0.34703196347031967	0.019634703196347032	0.1511415525114155	0.22374429223744294
106	106	0.01764543700027571	0.020953956437827406	0.008547008547008548	0.02260821615660325	0.2459332781913427	0.07719878687620622	0.0011028398125172319	0.04080507306313758	0.011028398125172319	0.02012682657843948	0.0449407223600772	0.007719878687620624	0.008547008547008548	0.16156603253377447	0.3112765370829887
107	107	0.027867095391211148	0.42336548767416937	2.1436227224008573E-4	0.01307609860664523	0.019506966773847802	0.06580921757770632	0.010503751339764202	0.02079314040728832	8.574490889603429E-4	2.1436227224008573E-4	0.038799571275455524	0.006002143622722401	0.005359056806002144	0.14105037513397642	0.22658092175777061
108	108	4.909180166912126E-4	4.909180166912126E-4	0.0019636720667648502	4.909180166912126E-4	0.004909180166912126	0.12567501227295041	0.013745704467353953	0.006381934216985763	0.0019636720667648502	0.009327442317133039	0.022582228767795778	0.0019636720667648502	0.40108001963672063	0.16543937162493863	0.24349533627884146
109	109	0.41666666666666663	0.005952380952380952	0.001488095238095238	0.001488095238095238	0.010416666666666668	0.22023809523809526	0.005952380952380952	0.014880952380952382	0.001488095238095238	0.014880952380952382	0.03720238095238095	0.014880952380952382	0.001488095238095238	0.09077380952380952	0.16220238095238096
110	110	0.1248945147679325	0.05147679324894514	8.438818565400843E-4	0.003375527426160337	0.016033755274261603	0.04641350210970464	0.29451476793248943	0.016033755274261603	0.021097046413502112	8.438818565400843E-4	0.013502109704641349	0.0869198312236287	8.438818565400843E-4	0.026160337552742618	0.2970464135021097
111	111	0.0018345257750871401	0.06567602274811961	0.06402494955054118	0.3348009539534031	0.00458631443771785	0.08273711245643002	7.33810310034856E-4	0.00458631443771785	0.036507062924234085	0.030453127866446526	0.026050266006237388	0.02329847734360668	1.83452577508714E-4	0.057971014492753624	0.26655659512016144
112	112	0.05395913154533844	0.009897828863346106	0.011813537675606643	0.036717752234993614	0.0280970625798212	0.14974457215836526	0.03480204342273308	3.192848020434227E-4	0.16315453384418901	0.026181353767560662	0.013729246487867178	0.13825031928480205	3.192848020434227E-4	0.016602809706257982	0.3164112388250319
113	113	0.003667245705462266	0.07025670719938236	0.19359197066203435	0.06909862960818375	0.0019301293186643506	0.06794055201698514	0.02740783632503378	0.004825323296660877	0.06041304767419417	0.009457633661455318	0.08762787106736152	0.02393360355143795	0.009457633661455318	0.10384095734414206	0.2665508589075468
114	114	0.0025217436055787142	0.010704544284905563	0.003293705933817096	0.0693736812310226	0.004683238124646184	0.10472955586434049	0.019350522361175442	0.004065668262055479	0.3009623797025372	0.02459986619319644	0.03324584426946632	0.022901549071072	0.004065668262055479	0.08604806752097165	0.3094539653131594
115	115	0.18279569892473116	0.15745007680491552	0.02380952380952381	0.021505376344086023	0.014592933947772656	0.05376344086021505	7.680491551459293E-4	7.680491551459293E-4	0.0030721966205837174	0.014592933947772656	0.22657450076804914	0.019201228878648235	0.005376344086021506	0.08832565284178188	0.18740399385560674
116	116	0.07349801768831961	3.049710277523635E-4	0.007624275693809089	0.001219884111009454	0.005794449527294907	0.11009454101860323	0.005794449527294907	3.049710277523635E-4	0.0021347971942665446	0.0359865812747789	0.0158584934431229	0.249161329673681	0.0021347971942665446	0.05336992985666362	0.43671851174138454
117	117	0.03514463368477967	0.014868883482022166	0.21113814544471476	0.022168153555014867	2.703433360367667E-4	0.09272776426061097	0.2070829954041633	0.007569613409029468	0.001892403352257367	2.703433360367667E-4	0.02784536361178697	0.006758583400919168	2.703433360367667E-4	0.12030278453636119	0.2516896458502298
118	118	0.24116743471582183	0.040706605222734255	3.8402457757296467E-4	0.0049923195084485405	0.04646697388632873	0.04185867895545315	0.006144393241167435	0.026881720430107524	3.8402457757296467E-4	0.043010752688172046	0.04761904761904762	0.16052227342549924	3.8402457757296467E-4	0.08102918586789554	0.2584485407066052
119	119	0.08855721393034827	0.001990049751243781	0.024378109452736316	4.975124378109452E-4	4.975124378109452E-4	0.06616915422885572	0.25721393034825873	4.975124378109452E-4	0.003482587064676617	0.022885572139303482	0.010945273631840795	0.018407960199004977	0.015422885572139304	0.17064676616915422	0.31840796019900497
120	120	0.04915824915824916	6.734006734006733E-4	0.10774410774410775	0.016835016835016835	0.016835016835016835	0.13804713804713803	0.08754208754208755	0.004713804713804714	6.734006734006733E-4	0.012794612794612794	0.014814814814814814	0.11784511784511785	0.014814814814814814	0.041077441077441074	0.37643097643097645
121	121	0.06418219461697723	0.020703933747412008	0.0020703933747412005	0.0020703933747412005	0.0020703933747412005	0.020703933747412008	0.6107660455486542	0.0020703933747412005	0.051759834368530024	0.039337474120082816	0.008281573498964802	0.0020703933747412005	0.0020703933747412005	0.0020703933747412005	0.16977225672877846
122	122	0.12650810065494655	0.0013788348845225785	0.017924853498793518	0.01482247500861772	0.019993105825577385	0.09548431575318855	0.03653912443984833	0.013788348845225784	3.447087211306446E-4	0.010685970355049984	0.01482247500861772	0.3054119269217511	3.447087211306446E-4	0.06756290934160633	0.27438814201999306
123	123	0.1500960614793468	0.17675312199807877	0.008165225744476465	0.07300672430355427	0.010326609029779058	0.07372718539865514	0.04634966378482228	2.4015369836695484E-4	0.001681075888568684	0.01681075888568684	0.0787704130643612	0.024735830931796352	2.4015369836695484E-4	0.06003842459173871	0.27905859750240153
124	124	0.04761904761904762	0.0015741833923652105	0.0027548209366391185	0.01338055883510429	0.011019283746556474	0.07831562377016922	0.02400629673356946	0.006296733569460842	3.935458480913026E-4	0.020464384100747735	0.020464384100747735	0.4053522235340417	0.003935458480913027	0.05352223534041716	0.31090121999212905
125	125	0.11573271711919893	0.08049297130752937	0.0030810706720585403	0.03716541498170614	0.002503369921047564	0.10129019834392453	0.22434045830926247	1.9256691700365877E-4	0.03774311573271712	0.01579048719430002	0.055074138263046406	0.024455998459464664	0.002503369921047564	0.03543231272867321	0.26420181012901983
126	126	0.12461059190031153	0.042834890965732085	0.02180685358255452	0.040498442367601244	0.012461059190031152	0.17133956386292834	7.78816199376947E-4	0.0381619937694704	0.02180685358255452	0.003115264797507788	0.21105919003115264	0.00778816199376947	7.78816199376947E-4	0.042834890965732085	0.2601246105919003
