0	0	0.33177531031449214	2.3903092819158018E-5	0.020270404151579578	4.4662551348686585E-4	0.11296299093592334	0.03311899054417541	0.036287717681495066	0.012585802951589375	1.2301080915414309E-5	0.0010354414977042405	2.0705678363831697E-5	1.6112425059306296E-5	3.155780833556796E-5	0.001184363366971686	0.45022777295708905
1	1	0.10667871013860543	0.008694838021402619	0.03714941548668245	0.02043914418927475	0.3677913091719889	6.091804407366433E-4	3.0625488287028046E-4	3.2809176877869384E-4	3.4175537753167125E-4	0.35802792025069674	0.08489812295741217	4.476442311824693E-4	0.012922880119279574	7.816359823799955E-4	5.830969811776688E-4
2	2	0.2834186506835192	5.52385300887896E-5	0.030143788933680905	3.013351370261916E-5	0.10640989129712315	0.04881416978482845	2.547410622957248E-5	2.7290485926576678E-5	2.8427017098228538E-5	5.486361363312833E-5	0.0017178323337307282	0.009055142049000525	0.036144557121860654	0.0014010022949331271	0.4826735382346443
3	3	0.36562137735625344	1.385097134068785E-4	2.108745522085678E-4	7.555929421335337E-5	0.09681040627051152	1.2705741106442938E-4	6.387590595700041E-5	6.843044842700692E-5	0.08382037432121836	0.001812551497296423	1.1998186166815697E-4	9.336563239488498E-5	1.8286600070453515E-4	0.4507331525784543	1.216171562211197E-4
4	4	0.19886607432038483	0.0012694250889841773	0.002452819535463622	0.4467005630523956	0.27950306299318095	0.04373621079087932	0.004440175021255677	8.900335030041083E-5	9.270995641471814E-5	1.7892848944035808E-4	1.5605315921811048E-4	1.2143503772191776E-4	0.00459493824915401	0.01764042086715332	1.5818008805296895E-4
5	5	0.14752145412387155	0.3372089938006009	0.0191122868241055	0.001700699367469668	0.37843928330646515	0.025195997534524946	1.1897890032778402E-4	1.274624505249797E-4	1.3277071248215123E-4	0.009615994939306033	0.06262181795990873	1.7390814430451318E-4	0.005020491595919866	0.012783329298610181	2.2653104157805415E-4
6	6	0.22414874559903622	0.02969570331911598	0.00735549941091267	0.35480111966595695	0.34183589277706244	2.624580589965291E-4	0.001861922031585987	1.4135438869683053E-4	1.472411900325037E-4	2.841727548448518E-4	0.0019778181458758354	0.027872474964469752	0.007297643123731396	3.367584529293619E-4	0.001981196116752643
7	7	0.33556826328457223	0.20825559517315279	0.02947126672188278	5.187970672867028E-5	0.21655348131518662	0.0023873547338417135	4.385778483742977E-5	4.698497560975242E-5	4.894169743300815E-5	0.007569833389741831	8.238065033439406E-5	6.410570238396221E-5	0.02312671694068033	0.12661831263557052	0.05011102528804402
8	8	0.16427099427287942	2.2348238346204274E-4	0.01790679379709688	0.0149859190844231	0.3615950013280553	2.0500434491394357E-4	1.0306237272424269E-4	0.02173078313048262	1.1500917069329574E-4	0.05697544232921233	0.005598681127065894	1.5064339928100382E-4	0.008402689818551733	0.34754026682806627	1.9622661309197167E-4
9	9	0.016590007762584586	7.690866501284254E-4	0.2243823117370031	4.1954923624677856E-4	0.5840501729804923	7.054967933005596E-4	0.023605865144163338	0.005030203507543553	3.957896656206827E-4	0.14027100001474316	6.662092195329922E-4	5.184204030858829E-4	0.001015378607355121	9.052189502844118E-4	6.752893279151161E-4
10	10	0.3346526216862432	0.00151421102298645	0.009266711134456066	0.016845804601620648	0.22558469773914736	0.08471894320839045	5.333446331537237E-5	5.713736950739399E-5	5.951689480005665E-5	0.09591619715756484	1.0018125150284602E-4	7.795749933055626E-5	0.2281178978003045	1.3612235415648425E-4	0.002898665816673733
11	11	0.23382384444636167	2.501903502815372E-4	0.05484031447110625	1.3648289221949837E-4	0.3397598106103327	0.03653577828834369	1.1537916650644681E-4	0.24972924153339052	1.28753704232047E-4	2.484922515229817E-4	2.167234575816861E-4	1.68646513652908E-4	0.039662108300942724	2.944753315056558E-4	0.044089758682019586
12	12	0.23527438969399217	0.02898854092543469	0.002728932301012117	0.0013415684554448789	0.23336699931930863	0.003948358871838563	4.8952804834651895E-5	5.244328571793598E-5	0.07899982869122495	1.0542971543348831E-4	0.05464757788734108	0.04371605452080843	0.015544085396666346	0.3005018030537011	7.350350772409642E-4
13	13	0.285548276085977	4.673199290389548E-5	7.114727072226791E-5	2.5493059758409885E-5	0.12534343170626444	0.006541800567392365	2.1551184465624624E-5	0.007934831740947182	2.404935756215813E-5	0.009936094678246776	0.015581406357870007	8.791876116554186E-4	0.026339989640311895	5.5003796456613784E-5	0.5216510049494659
14	14	0.05585438722803548	4.093292465494686E-4	6.231846088543206E-4	2.232957401284004E-4	0.4197470643068988	3.7548496102040316E-4	1.8876854059496776E-4	0.034852025636964344	2.1065023764685987E-4	0.04000631942087837	0.43842701278295787	0.007700874289582046	5.404126573276466E-4	4.817826324515528E-4	3.5940771010943237E-4
15	15	0.3918985509094363	8.350727813550013E-6	0.06181515524214932	4.555457406125308E-6	0.08157496978866138	0.45211473750501363	0.002780921566836167	0.003589071213701648	4.297476452701903E-6	0.006117849147291498	7.233686683117717E-6	5.628998603002907E-6	1.1024961070782078E-5	6.0321040558250125E-5	7.332278322439487E-6
16	16	0.1238459949345372	0.1961512829300503	0.004618434377133063	3.328663947537176E-4	0.6699893424737962	5.59734481218637E-4	2.813967857812077E-4	3.014612152802835E-4	3.140157762042587E-4	6.060446004885588E-4	5.285640918845502E-4	4.113098431204496E-4	8.055917807500118E-4	7.181921510320244E-4	5.357681639695552E-4
17	17	0.25568146169006606	3.073854562448422E-4	0.0023265682769005223	1.6768374978210358E-4	0.27803694150501496	2.8197011825878594E-4	1.4175557809413634E-4	1.51863173299513E-4	1.581876202421298E-4	0.02632553556745921	0.05788250557541669	0.33289450851554453	0.04501194198762869	3.617942659493407E-4	2.6989692009840403E-4
18	18	0.2179189427104621	0.031345979150018494	0.11554522843502543	8.527162752469858E-5	0.3389236961925608	0.002978813409357556	7.208646556687155E-5	7.722644540775232E-5	8.044259416809031E-5	0.0011003940876872856	1.3540423748530577E-4	0.12202860466201543	0.06920169211785093	0.08430156469133991	0.0162046531735293
19	19	0.3142016916501814	0.02227918260533275	0.0041238404187136785	1.6522703745340303E-4	0.1347802220202716	2.778390115370454E-4	1.3967873596233482E-4	0.00930643016802897	1.558700344450467E-4	0.03875935233583442	0.4251375119404429	0.020349106745601118	3.998767836825897E-4	3.564936662504081E-4	0.029567676846262277
20	20	0.21356887569479638	2.684659739257438E-4	0.10105109019225819	1.464525412058383E-4	0.18114938010149828	2.4626858843967286E-4	0.37996756558838524	1.3263508046663437E-4	1.3815876017722836E-4	2.666438343567128E-4	2.325544292445702E-4	1.8096561472519078E-4	0.02632666218675664	3.159858347086943E-4	0.09600829557905495
21	21	0.2889734726812434	2.109406889483057E-4	3.2114732050504506E-4	0.02689932476924391	0.21886021091156824	1.9349962660877054E-4	9.727857547568733E-5	1.0421482783544261E-4	0.4235548436691788	2.095089865599886E-4	0.005284486570485055	1.421893839576253E-4	0.018134661041143293	0.016829006451524717	1.8521449572173263E-4
22	22	0.23609445499426762	0.018921062974442106	0.010997621657318862	0.0025513665328311553	0.2583094755839177	0.0013203416486581457	0.0038023074777302	3.4230170956451736E-5	0.3900579932987893	6.881485654023583E-5	0.0013168023285015115	4.656316063234971E-4	0.009307897675950465	0.0666911640517507	6.0835142022004565E-5
23	23	0.31720081097487574	1.1219926935731338E-4	0.06258420398960715	0.4166027164746873	0.17678982672222127	7.813287431730125E-4	0.002765367907989977	5.543182587310301E-5	5.774032262086548E-5	1.1143774742094736E-4	0.00688125453318469	7.540368453191292E-4	0.015073070008161875	1.320591181934382E-4	9.851551731422636E-5
24	24	0.3265329646270189	1.51032020331878E-4	0.02397330407488464	8.239041565533132E-5	0.1941438012850195	1.385443447913863E-4	6.965076231784132E-5	0.0019010297536274322	7.772454874257451E-5	0.003802832300430049	1.308291131733852E-4	1.0180657907175078E-4	0.4065762207177364	0.042185257206698155	1.3261225050070142E-4
25	25	0.24091893859091873	2.2439202830246895E-4	3.4162635474130966E-4	0.5251937041353015	0.17447531014114234	2.058387782224088E-4	1.0348186957289078E-4	1.1086043529002801E-4	1.154772948340096E-4	0.013790602740399545	1.9437606675379185E-4	1.5125656613906852E-4	0.0355723588794923	0.007047977429489299	0.0015537986894002668
26	26	0.2555142554932161	2.117509161130582E-4	0.12835634287881204	1.1551355769204209E-4	0.47320810191982576	0.00403526172308588	9.765222431883748E-5	0.015468690562001751	0.0039499907487398735	0.11800155877788937	1.8342590205605583E-4	1.427355360632066E-4	2.7956193268098626E-4	2.4923191941196403E-4	1.8592590809308627E-4
27	27	0.18100633550819875	0.01171928085179406	0.003388160213950792	0.008445070875126779	0.23005543649410243	0.0349356244404814	6.943489471779226E-4	5.271395327280137E-5	0.004570913690071162	0.013653987136997215	0.0058987169047284025	7.192224655080761E-5	0.09497695995085469	0.4059208391466344	0.004609689640058372
28	28	0.2225891135157069	1.0873232827360543E-4	1.655398778274627E-4	0.51943984616982	0.22918209330462172	0.0014146295088206411	5.014360223884201E-5	5.371899052608853E-5	5.59561550605285E-5	0.009312206277643238	9.418766993948953E-5	7.32935065803786E-5	1.435527193697843E-4	1.2797851067285787E-4	0.01718900786289845
29	29	0.19578145071394085	0.0018615126353705473	0.00679153798494683	1.441132035619686E-4	0.2149945218522215	0.024202359288798655	1.2182963768684232E-4	1.3051645395405515E-4	0.5352431642752514	2.6238463916569384E-4	2.2883975603985035E-4	1.7807498769142934E-4	3.4877781030726474E-4	0.019478958030193602	2.31958730869465E-4
30	30	0.28766785970393455	0.006954616530261831	0.03235626489485881	0.006386660268869855	0.28715450850321933	6.083919511172439E-4	4.028993154754362E-5	0.0026844131416179982	0.0227597138589393	0.014349524731182233	0.0011321791093276128	0.0037566412556369333	6.435933971504081E-4	0.3334286323128988	7.671040943754828E-5
31	31	0.2267312853663187	0.33670558473442846	6.862740591096405E-4	0.012110582835880353	0.2886970496855139	0.0017278717579014414	4.181402151227567E-5	4.4795485868297907E-5	0.025813600728444946	9.005490909171376E-5	7.85417297760514E-5	0.00992930806417035	0.0017644048063618742	0.09549921960018164	7.961221544027857E-5
32	32	0.36054595600789047	2.5639621105210574E-4	3.903512242116964E-4	0.08695581731648391	0.27222344675469345	0.001785481585425372	1.182410956030627E-4	1.2667203812443808E-4	1.3194738281021722E-4	2.546559917063317E-4	0.00332266879500217	0.01412539295210924	0.035995054909529624	0.21889193703216597	0.0048759807031919025
33	33	0.28576135906249667	0.3877269975904168	9.34976736803697E-5	0.0579605429694614	0.15877793349698183	5.633478404082153E-5	2.83213339336398E-5	4.0166791822414974E-4	0.015256019029792189	0.01862735513002691	0.0019098335669619376	0.0044973227701531684	0.03164389027252673	0.036833674531642324	4.252498696610813E-4
34	34	0.17122179663805748	2.2198258779063245E-4	3.3795809439689494E-4	1.2109510047026774E-4	0.2638717856834961	0.002888038213831072	1.0237071865244269E-4	0.00413628454303582	0.004140851828410403	0.008273704915602871	0.5370742205319281	1.4963242779113446E-4	2.9307019021887926E-4	0.002945684307725693	0.004221524218592141
35	35	0.2993946034924247	0.24058090783262706	0.002641494934549978	0.002510246687611642	0.3505936405203183	0.01799426678937506	6.195606321609957E-5	0.07561208380379049	6.913789447648654E-5	0.0033827127021310056	1.1637570841346271E-4	9.028789150585341E-4	1.7736981307712985E-4	0.005844362990082605	1.1796185284746113E-4
36	36	0.030923548128379073	0.21197955968032398	0.11803747276591778	5.011088761833738E-4	0.4420936571003709	0.1230358337813687	0.0059778605942052065	0.006008066297983088	4.727304864583614E-4	0.034237776392518675	0.006349955022909426	0.017281908103857654	0.001212766438056579	0.0010811919357424356	8.065643957247651E-4
37	37	0.3704529278783319	0.013252185218652155	7.161113316695789E-4	5.161259806902497E-5	0.17997029094330816	8.678962869137474E-5	4.3631977968778675E-5	0.0011908798348789645	0.33242042048264514	0.0023822437778088963	0.009235050638769964	0.04354097278671664	1.249110317018449E-4	0.03843994097147777	0.008092030899309861
38	38	0.32400110112879815	1.0683588656958422E-4	0.3586798795143448	5.8280708170570644E-5	0.09405151361575789	0.22102213144568011	4.9269028687576707E-5	5.2782057274045536E-5	5.4980202574838704E-5	7.520877525006605E-4	9.254490712815373E-5	7.201516678282343E-5	7.870259474112122E-4	1.257463890149107E-4	9.380624930460437E-5
39	39	0.3806211116917871	0.0166809245989044	0.03809033686236444	2.6795331984090903E-5	0.2095594900863545	0.02231979727554336	0.016060464419928446	2.4267253982605516E-5	0.0032922396510126797	0.022026528658128687	0.027069232491231224	0.023495835374584086	0.20261647890690104	0.0018397927250304786	0.03627670467226288
40	40	0.30840673099537713	0.11614656768935891	0.014944552810618465	6.34446662446202E-5	0.1959123676303861	0.0015131134114151027	5.36345075308874E-5	5.745880776972478E-5	5.985171958126012E-5	0.006444436283319468	0.30037300798310745	7.816097966115254E-4	0.024766027180788745	0.029671864841413473	8.053316764771081E-4
41	41	0.14832854655269784	0.24243216825493158	5.696128350534593E-4	2.0410022613320323E-4	0.4832015841760382	0.011654329319678467	1.7254114117946595E-4	1.8484383878588856E-4	1.9254178836557588E-4	0.027518296661091714	3.2409414822228176E-4	0.00703887222847723	0.04573844732742478	0.032111510107725436	3.285113941948507E-4
42	42	0.2589953878057285	1.6892675889169486E-4	2.5718307951940226E-4	9.215228565314402E-5	0.26106700744311195	0.006283394544751713	7.790319898280093E-5	0.018468763048137972	0.38924255860888124	0.0011891860545316596	1.4633014911997433E-4	1.1386893586307936E-4	2.2302378692936814E-4	0.0144985094248239	0.049175804875073545
43	43	0.23623868455986805	0.3373886194904654	0.004184831737693404	0.002689969094234306	0.3096300172217459	0.011777616842511943	9.815491080373553E-5	0.007826736363130232	1.0953284494251379E-4	0.0027852572559060465	0.024636048723951632	0.020734357537951303	0.008002583754385055	0.03371070665946533	1.8688300294517724E-4
44	44	0.23397029758888155	2.0094523403816722E-4	0.008810955545172828	0.0037546299557981717	0.3141948094262077	0.0062593490737183075	9.266901617379264E-5	9.927659321702677E-5	1.0341103564176473E-4	0.4205908584431662	1.740656498394393E-4	1.3545171953102854E-4	0.011200329062504788	2.3651357592842216E-4	1.7643808018084897E-4
45	45	0.3239529675230393	0.07418188600748804	0.059597562048713054	1.9032255102089657E-4	0.2881507215006787	3.200385981850435E-4	1.6089384498722234E-4	1.7236605566162353E-4	0.0887791452882403	3.4651727003791923E-4	0.023506873734597585	2.3517405132052443E-4	4.6061208103404276E-4	0.13752906972653245	0.002415849718463219
46	46	0.3171104843517399	6.569100491884659E-4	0.23745300903377162	0.003996646055954437	0.23088268950763086	0.058144997340534806	4.299251681928327E-5	0.010192374849121773	4.7976129160475524E-5	0.13594050180754885	8.07553666518578E-5	6.284096422494964E-5	1.2308036172915024E-4	1.0972722395176545E-4	0.005155014441971878
47	47	0.3901785508557471	0.026819355751246433	0.0024990969527176033	1.0012957434835843E-4	0.20042973759711344	0.02125505323297456	8.464699599404016E-5	9.0682579089689E-5	9.445911784896587E-5	1.8230433843566176E-4	0.32644761621881996	1.2372615609759066E-4	2.4233014619789547E-4	0.014643767496800134	0.016808542986568493
48	48	0.10771774968622143	4.619183422232553E-4	7.032490442537846E-4	0.022595683446688507	0.4485379404299049	4.237258690562369E-4	2.1302081898756515E-4	2.282098382670342E-4	0.033753263048330866	0.2797550269760231	4.0012950193471926E-4	3.113665971554122E-4	0.07601982868116615	0.028473304646904934	4.055830728819952E-4
49	49	0.2725112578748967	1.0115118992566182E-4	0.03195744740201101	6.667844111492063E-4	0.19974753685066476	0.01477130290823548	0.0018814618340021014	6.615783413628422E-4	5.2054727033848164E-5	0.3872463012557442	0.017212554948496397	0.0019029976587930442	0.05945920912520951	0.009293127429163613	0.0025352340433115825
50	50	0.09965376662172204	0.0015596209510725491	0.002374449860468715	8.507985137275471E-4	0.46769588058333134	0.001430667896214709	7.192434288462716E-4	7.705276289507468E-4	8.02616785269825E-4	0.010979192980077134	0.3974176134227847	0.0010512980845281941	0.011489230782212676	0.0018356818960980803	0.001369410564695472
51	51	0.35210020131266395	0.006579262940839441	1.2583101070160274E-4	0.005542220891207138	0.2206828222921667	0.0030742531261408177	0.011032383177919295	0.015033016472512878	4.253367610661492E-5	0.3119195022847755	7.159440891014574E-5	0.024043205545585946	0.02259739300228027	0.0270832096522275	7.257020596217981E-5
52	52	0.4115234883167371	0.006860646065038036	7.299066508171178E-4	2.9244660628663685E-5	0.28706109840890937	0.02079443198133097	2.472269244318567E-5	0.03535824852757917	0.008779493105451439	0.19972632812426375	4.6438083661459316E-5	0.017864090295096755	7.077692012348091E-5	0.011084015155711982	4.707101220753943E-5
53	53	0.3237894773530515	0.0013939234590807474	0.010393426808459606	1.1263489019271771E-5	0.19395598881889087	0.044463147367910356	0.007375275298801241	0.40125649790914236	1.0625624283195286E-5	0.009134066587620079	1.7885481799170102E-5	1.3876112654679883E-4	2.7259508077428143E-5	2.4302090972149825E-5	0.008008099076345244
54	54	0.21233769498490315	0.29250243813714155	0.0010608032764729	0.009398151776113913	0.2538855147621787	1.285648172401177E-4	6.463372822262524E-5	6.924230567877861E-5	7.212594941501348E-5	1.3920173924524947E-4	9.68832237161664E-4	0.0161955846760513	1.8503551869231838E-4	0.08067051757056996	0.13232165852091277
55	55	0.10824036684563655	2.861146801936698E-4	0.003895547806333574	0.3046318213995601	0.33491598956790425	0.02794207089562929	1.3194622929643945E-4	1.4135438869683053E-4	1.472411900325037E-4	0.1802016561929578	2.47842343586288E-4	1.9286212783699004E-4	0.03843720756494325	3.367584529293619E-4	2.5122031446309545E-4
56	56	0.25894782028265684	0.03639911201050794	1.631796857514278E-4	5.84695581150058E-5	0.16953241410758507	9.832001155538758E-5	4.9428677628402746E-5	5.2953089660168985E-5	0.3940818262579469	0.005291016022989145	0.0804535467910668	0.04284488023404565	0.0020857165425732104	0.009847206513450236	9.411021446777635E-5
57	57	0.3327942836816175	0.04019603831940918	0.00155613454201163	6.234855720621946E-5	0.18699914855847805	1.0484277738032008E-4	0.033223807652533285	0.003511789006570305	7.498822629911229E-4	8.045816142735681E-4	0.3559972622367571	0.01458939779537501	1.5089383013300217E-4	0.015337943902289894	0.013921645262973854
58	58	0.22072855727982768	0.034997860808957816	4.8511076495813603E-4	1.73821955431033E-4	0.3228939424276086	2.922918731991094E-4	1.4694466106344832E-4	1.57422253350041E-4	0.0521828130837357	3.16474895620757E-4	2.760147779110544E-4	0.23526285359731772	0.010053795476896709	0.12175231941872519	2.797767253969464E-4
59	59	0.1833266158662858	0.0011270196537463966	2.4350369427363487E-4	0.0020214067493046673	0.29166662633056467	0.39858284883704315	0.02038239735472939	7.901886130051787E-5	8.230965646107655E-5	0.009829635995414445	1.3854695247024406E-4	0.0010748903172006755	0.08434694636371658	0.004056564119923493	0.0030416692475652997
60	60	0.14284512299655458	1.9925060251579666E-4	0.009941407310101498	0.015770538031918635	0.3187736534135969	0.00259229050315076	0.0012966447103651695	9.843936388384848E-5	1.0253893931363668E-4	1.97898243400456E-4	0.48689450643827126	1.343094144906762E-4	0.0014678157242146621	2.3451898589420042E-4	0.01945106532232793
61	61	0.27560410255766277	0.008875007567365723	0.03396776144208791	9.806177708895244E-5	0.36910867352586757	1.6489666362047022E-4	8.289893277223444E-5	0.0011757158694448466	9.250842239974267E-5	0.01974284745504708	1.5571392898930798E-4	0.24793573807914787	0.0208885396527072	0.019775885900128333	0.002331648225669946
62	62	0.08208449780990164	2.684659739257438E-4	4.08726872956022E-4	1.464525412058383E-4	0.39217369028713184	2.4626858843967286E-4	0.008240126876769135	0.02123506609902999	0.4741312247156003	2.666438343567128E-4	0.0067256101272640655	0.008297285237249558	0.0019777033191835346	3.159858347086943E-4	0.0034822518822771554
63	63	0.42345691793902734	3.091089752328758E-4	0.10513513438348647	1.6862395733214435E-4	0.1282061352870306	2.8355113272451264E-4	0.06742689140559757	0.13659040614654613	1.5907458272399163E-4	0.05263927620456103	2.677607901608355E-4	2.0836195701866978E-4	0.050871353642104884	0.0022328323289003056	0.032044571267552585
64	64	0.36472264907025115	0.02911832060335289	0.005391496397383065	6.707669893521552E-5	0.20043657493129025	1.1279342664837225E-4	0.08109502033751113	6.074816652176912E-5	6.327806595479651E-5	1.2212548893186223E-4	0.28113846837174605	0.009004533426838856	1.6233671585271734E-4	0.007579432443623554	0.020925145855158304
65	65	0.32392878098509525	0.04332851304755597	3.8734872003897997E-4	1.3879245074409688E-4	0.1916731816440922	2.3338769439849757E-4	1.173316085541833E-4	1.2569770193834518E-4	1.3093246971940587E-4	0.017174660758276644	2.2039084402696501E-4	0.3001517629199431	0.032641467446615315	0.08798599672381198	0.0017617549851889703
66	66	0.17527567601332375	2.1703049828239175E-4	0.07644163259424629	0.018490065957756555	0.29735308193154514	0.017258495911554584	1.0008698564961832E-4	0.017166633481108237	1.116888822999779E-4	0.0015278197702884258	0.0028125238717358675	1.4629435887711698E-4	0.3926529621327463	2.554460148308175E-4	1.9056159575481663E-4
67	67	0.20453007223743816	0.08400951341071808	0.008623028654827867	0.08552801844357619	0.1881571731340097	2.490990630989685E-4	1.25230226203949E-4	0.009985684436648384	1.3974668039116642E-4	0.010121233412880308	0.01337059384373374	1.8304553319927985E-4	0.0020004339449771896	0.39273869366364306	2.3843331465395355E-4
68	68	0.34694004743251616	1.2351100766313852E-4	1.880397251078269E-4	6.737725706783082E-5	0.21851114285537274	1.1329883288068337E-4	5.6959019812347693E-5	6.102036768520473E-5	0.032922855627729154	1.226727103885046E-4	1.0698946861872168E-4	8.325541259567533E-5	1.6306411629051642E-4	0.4004313184831125	1.0844768315902004E-4
69	69	0.18017456740183968	1.2036490088152938E-4	0.004549926234429911	0.0015212197746677274	0.39998446810154703	0.008115986087659455	0.005149963838289404	5.946603988703553E-5	6.194254426911732E-5	0.052519663671715504	0.0212098663659727	0.2795484185196323	0.02854230651387695	0.007419463957847918	0.01102237604748369
70	70	0.24654318996771402	1.6604359463847797E-4	2.5279359696336754E-4	0.037237578795760944	0.13613448123007063	1.5231472753555547E-4	7.657358300015806E-5	8.20335076874034E-5	0.02217285485271829	0.005184781392402966	1.4383265341308575E-4	1.1192547321935003E-4	0.028330460050355222	0.5232653435518366	1.4579302268386045E-4
71	71	0.21068064200467138	0.01880242077434401	0.002639350938412178	8.848889484590795E-4	0.20258693288776589	0.020414641968322794	6.190577594940404E-5	6.631984227810818E-5	0.017925604769835585	1.3332654510972853E-4	0.003362921794859588	0.05122507451576191	0.01965706911288718	0.3970598049019411	0.0544990952194021
72	72	0.23997134111921348	0.002795481185565245	8.401055737368429E-4	6.05492880719196E-5	0.22992344443677432	0.03365790102512753	5.118682844924916E-5	5.483660187452129E-5	5.712031010696295E-5	1.1024113481495667E-4	9.614722293510458E-5	7.481836127177274E-5	0.4920787281747255	1.3064107440465485E-4	9.745766292796892E-5
73	73	0.38140162822997165	0.005128523211455759	0.0215867553116473	2.695544545647566E-5	0.08473024849772988	4.532717185152005E-5	0.037667959249821595	2.4412261116784884E-5	2.5428926624477847E-5	0.0024392469930505567	4.2803000764277235E-5	3.330777818574314E-5	0.04517968856148419	5.8159038159247683E-5	0.4216095563226805
74	74	0.42305660119749716	0.05859576650091755	0.1948508216162454	6.677881036841921E-5	0.1551362921171681	0.06820784228133508	5.645310819035775E-5	0.04076977444233679	8.031660664303232E-4	0.01196428743606584	0.04377601132145661	8.251593567060736E-5	1.6161577620614213E-4	1.4408188455713436E-4	0.002327991505554514
75	75	0.299977275090323	8.302357971695284E-5	0.1893793644591494	4.529070873211052E-5	0.10672249054948892	0.025176021723865776	0.07834985931570834	4.101763443374723E-5	4.27258422042793E-5	0.005604429879331887	7.191787068054067E-5	5.596393807551911E-5	0.17882063361544884	9.771918114517345E-5	0.11553226661169551
76	76	0.3320696475346002	0.03196823987326992	0.04228148123942883	0.015992664093956437	0.2764857444609558	1.7219593457572937E-4	8.656851442974493E-5	0.012577946603905934	9.660337511687856E-5	0.01267164821142168	1.6260671950577935E-4	1.2653478606878475E-4	0.23633171688096316	0.030866448031184372	0.008109953740616712
77	77	0.3116984224641628	0.042815156031993096	0.017570324654038735	1.0393615632591711E-4	0.3163389820938235	0.28817901770019827	8.786498360162133E-5	9.41300188045569E-5	9.805012857641594E-5	0.0013412518939532807	0.017445296528892196	0.0035844807139983354	2.5154270475653666E-4	2.2425253152076412E-4	1.6729139535395337E-4
78	78	0.19504041037698772	1.3578055379837053E-4	0.05110805212145431	0.4105686881300326	0.2886563385611491	9.45543139935798E-4	6.261731160858383E-5	8.880713478237058E-4	6.987579354897705E-5	0.036258385332349645	0.013253445534435778	9.152598009550863E-5	0.002642230562090502	1.5981441149430023E-4	1.1922084319514963E-4
79	79	0.340736567183445	0.010024321640641874	0.005287101006800196	1.4669065886042829E-4	0.1668107827067407	2.4666899732432324E-4	1.2400855285494734E-4	0.0017587539267729195	1.383833929467494E-4	0.021403818899987055	0.42459366630610457	0.018066194986854033	0.008484531651348983	0.001942402791592017	2.3610729772611952E-4
80	80	0.413380231348431	0.025678313414893492	1.074642073884964E-4	3.850592486589433E-5	0.18377631489363766	0.02012413629069459	3.255192972787869E-5	0.23050441777467806	0.019668916141628426	7.010713072750868E-5	0.09395614393081964	4.7580248908926336E-5	9.467816194129982E-4	8.308033926757729E-5	0.01158545480491792
81	81	0.26649020331602974	0.2919849592957816	2.507793911529098E-4	8.985775476609858E-5	0.26153842641984243	1.5110111606396088E-4	0.001071936971843721	8.137988208208341E-5	0.003072689536364941	0.029046834415212806	0.14057495166587688	0.004094927718471162	0.0012134441532531686	1.9387698848398612E-4	1.446313747744928E-4
82	82	0.13629686988055167	0.002666527417592535	0.044050135769972555	2.0643524047774697E-4	0.25305478935285397	0.0026352386289305897	1.7451510293007696E-4	1.8695854989249898E-4	1.9474456807961848E-4	0.09190007710218819	0.44422028696112964	2.550838646185868E-4	0.018804452199410585	0.005021615623385052	3.322697379866426E-4
83	83	0.22347290441140163	3.091089752328758E-4	0.011684660772446415	1.6862395733214435E-4	0.49827001078674926	2.8355113272451264E-4	1.4255040564873056E-4	0.005759743091090052	1.5907458272399163E-4	3.0701098237859246E-4	0.2581910679566314	2.0836195701866978E-4	4.080978921432531E-4	3.6382285667950416E-4	2.7141023979896544E-4
84	84	0.13080338461978444	3.57173317863266E-4	0.0027034073792810585	1.9484383546670357E-4	0.3727426009304135	3.276414047272543E-4	1.6471602388754055E-4	1.7646076730912786E-4	0.05417450283239979	3.547491013938048E-4	3.0939577132428647E-4	2.4076082374759302E-4	0.004790809796629483	0.43234594071022	3.1361268555216924E-4
85	85	0.2449940234864869	0.12737692410452697	5.159245270367998E-4	1.848629563025807E-4	0.5052749102269483	0.02284986630567472	0.006303280716473447	0.03500043444733516	0.0022233947059416477	3.365770719523202E-4	2.935469670750702E-4	0.0022774286039989617	0.04757441639222675	3.9886010220804E-4	0.0043955493858123555
86	86	0.2711828485966246	1.768758898317021E-4	0.07299323156725425	0.30061750208585186	0.24982361618773247	0.06646937889984024	8.156906419813225E-5	8.738518158328793E-5	9.102439794158467E-5	0.016217722372712136	1.5321595882506213E-4	1.1922722893111387E-4	0.018414505120962172	0.0034165932297160243	1.5530421799532374E-4
87	87	0.19566624268044375	0.006414603569064717	2.2541055834582083E-4	0.026937393904185942	0.23508121005141863	1.3581573343037005E-4	6.827900036212907E-5	7.314749658617089E-5	0.030513703418353633	1.4705256629476445E-4	0.0010234733240847963	9.980151283321421E-5	0.03600430619605612	0.46747955951763853	1.3000047090138973E-4
88	88	0.3787665169720927	0.22955829154882024	2.204761862536938E-4	7.899969365532619E-5	0.15900960157580518	0.0010084665966547503	6.678433216052543E-5	0.029842760586457615	7.452584734914533E-5	1.4383349756734787E-4	0.0605434975449326	9.761679795876389E-5	1.9119233690618407E-4	0.010677937059726481	0.12971949942365946
89	89	0.15571008988865973	3.548741298296146E-4	5.402792437985711E-4	0.2877208497948351	0.36176028736895793	3.255323188594067E-4	1.636557176100771E-4	1.7532485803395235E-4	1.826263830730127E-4	3.524655184717864E-4	3.0740413583665616E-4	0.01525929176050849	4.685188589251741E-4	0.17636720611756118	3.1159390503928986E-4
90	90	0.27205023163643943	9.76818730638317E-4	2.1105130576510442E-4	7.562262747875563E-5	0.217591332456906	1.2716390968673711E-4	6.392944628909195E-5	6.848780634434778E-5	0.0017477258671744745	0.14263048121935415	1.2008242961506009E-4	9.344389080687091E-5	1.8301927769151928E-4	0.3639388903009498	1.217190948603382E-4
91	91	0.2913402270816108	6.937229640258886E-5	0.09699985101456259	3.7843712366521E-5	0.14328424393019698	0.015583492248269718	0.2311520070603922	3.427324506329277E-5	3.5700578071319634E-5	0.021041679576840822	6.0092661127147006E-5	4.6761979106018865E-5	0.09824418967846171	8.165155033946362E-5	0.10198861338718884
92	92	0.2651224645089588	0.04955047519666006	0.0027233473733909333	7.555929421335337E-5	0.14705986269415883	1.2705741106442938E-4	0.00927627625029234	6.843044842700692E-5	7.12802818061799E-5	1.3756961650817945E-4	0.047019474523738974	0.08132998685062469	0.018607666689375215	0.3761964588833775	0.002634089977403485
93	93	0.12493702905391192	1.658770585578849E-4	0.3813796215477131	9.048862467863893E-5	0.20119073322900943	0.24989069694009255	7.649678229960963E-5	0.014123475285915031	8.536414658843026E-5	0.0162122072761798	0.0011466543980833872	0.009138507251162109	2.1899745195491847E-4	0.0011982041566146755	1.4564679723849807E-4
94	94	0.3737468373759242	4.296822131799923E-5	0.1943994490276705	0.0013224641388988987	0.14200823385321087	5.59025220769903E-4	0.01015220482769766	2.122836428275756E-5	2.2112434203514792E-5	0.00991526109568979	2.9702540170683633E-4	2.8963709891259868E-5	0.23076344003946908	0.01278101173799033	0.02393977455127639
95	95	0.15560906208794834	0.0016531582048424944	0.012512581054000015	9.018246021055584E-4	0.5157370875238616	0.0015164712742577653	7.623795864364179E-4	8.167395231397519E-4	8.507532057713402E-4	0.0016419378444561727	0.001432022304936346	0.2709989268406963	0.02217401504266277	0.011941500830825857	0.0014515400740593189
96	96	0.47858991338499773	0.22071451813619036	0.0810861530973347	9.003710390708247E-5	0.16825206559377823	1.5140270222575983E-4	0.0010740764752798961	8.154231004372995E-5	0.0110625135647224	1.6392913651402843E-4	0.01511239237418348	1.1125528940956004E-4	0.01019751866852924	1.9426395198459504E-4	0.013118418210899124
97	97	0.19990951788282627	0.3093866554317602	5.557824825155095E-4	1.9914461785546395E-4	0.4405671601812688	3.348734240513683E-4	0.002375648926223771	1.8035578076199088E-4	0.004602461082595238	3.625794681285213E-4	0.031218384879056066	2.460751305009829E-4	4.8196294325133897E-4	0.0026369713290402847	0.0069424264401641254
98	98	0.3106901330225068	1.6439313205332055E-4	0.003232261430400781	8.96791187126566E-5	0.39719560481460153	1.5080072900093436E-4	7.581244654061336E-5	8.121809992980775E-5	8.460048390497434E-5	0.2625775688764945	0.016046299421781703	1.108129412588322E-4	0.0031990188989365867	0.006157452734403507	1.4434384947341157E-4
99	99	0.3801273419573387	0.07275073246028625	3.5115511286713385E-4	1.258237763151634E-4	0.2281534280467161	0.0030008140114301802	1.0636822096786683E-4	0.002903186500351274	1.1869822669780268E-4	0.0016237023212391504	1.9979766991713225E-4	1.554754655702125E-4	0.010066833047320211	2.7147723527218645E-4	0.3000451659477106
100	100	0.2980032653578683	1.1212320426154137E-4	0.09779499038156429	6.116502569068919E-5	0.36378319145757676	0.10111687287724369	5.1707357374779575E-5	0.1376785225441869	5.7701177774422E-5	1.1136219859626475E-4	9.712496295462473E-5	7.53525648720583E-4	1.480294879338588E-4	1.3196958918375312E-4	9.844872906950373E-5
101	101	0.1770759886776701	4.835258550362868E-4	0.006583367489627493	0.009034604221453399	0.3818112175179858	0.3512768679630577	2.229854591738854E-4	2.3888498699717819E-4	2.4883351759104143E-4	0.029716354150198132	0.0033424576797092815	3.2593163413836417E-4	0.03279809105830879	0.0034927234324749487	0.0033481663565775584
102	102	0.28911999616217826	0.014754953638498106	0.01276171609435824	0.2990389916237446	0.19227868976328508	0.010574228908544628	0.005287546281030606	8.510962718701793E-5	0.003213514866459193	0.10537474731177926	0.011607049034129183	1.1612249149126888E-4	0.05543331155855535	2.0276262127500236E-4	1.5126001748425996E-4
103	103	0.21399546670576314	5.5164830633007935E-5	0.36365451658997583	3.0093309454658494E-5	0.27337694257003137	0.05308520402783978	0.01870429307293712	0.0030292125853785975	0.005365204219480616	0.006725809326662454	4.778566726590434E-5	0.0017049398407309204	0.033761476297738985	0.0013991330723720006	0.025064757883735675
104	104	0.2025352598977652	0.3491612945137436	4.6972601674695886E-4	0.05426847036657731	0.2641501276684484	0.009610636123878922	1.422844746179197E-4	0.005748998159074961	1.587778254642204E-4	0.018961666170904095	0.017056966408363464	2.0797325303877174E-4	0.047045406387500564	0.026480463231162883	0.004001949502712649
105	105	0.19706692823378472	2.1646238741847076E-4	0.1207416615800976	1.1808374167255244E-4	0.614619737977912	0.027683937195468054	9.982499249964792E-5	0.03675410603484263	1.1139651939284747E-4	2.149932080079314E-4	1.8750714000331036E-4	1.4591141078794888E-4	2.857822034032574E-4	0.0015636046033758117	1.900627713331284E-4
106	106	0.2939109471506552	0.3522607141174919	3.4490203198999465E-4	1.2358321019285412E-4	0.25148631510479363	2.0781245909732497E-4	1.044741033426419E-4	1.1192341828480849E-4	1.1658454649120065E-4	0.004334354297597659	0.028961677894964025	1.5270688660041332E-4	0.005778222886184499	0.061906867400896126	1.9891449141772995E-4
107	107	0.366047896048257	1.367912913978212E-4	0.032465181793129405	0.04225675254293579	0.15929607340608953	0.003433883478091852	6.308342895343791E-5	0.001721782668423269	7.03959423468401E-5	0.01833207609051256	1.1849330561885976E-4	0.02159682292947113	0.04236272794780474	0.2970901199883439	0.015007919138623836
108	108	0.2813861910412409	0.005893977139804899	0.3583514260676853	0.019350092269366962	0.16436574658011127	9.756129278345007E-5	4.904724494755333E-5	5.2544459692355894E-5	6.978018404396613E-4	1.0563311121974276E-4	0.0013782665784419716	7.169099166809199E-5	0.13004037836557664	0.03806625903503875	9.33839819824644E-5
109	109	0.2850594550424088	0.0017162196222709491	0.007734112617479597	0.0016055263105099742	0.25122978055636513	2.2342036470416164E-4	1.1232070671961837E-4	1.203295078685214E-4	0.44781437396711865	2.4190524295259968E-4	2.1097857312857323E-4	0.0016368373417771395	3.2155533649809E-4	0.0017593307014958119	2.1385410870230215E-4
110	110	0.22124151468956244	7.381917458355073E-4	0.00112386236328313	4.026955650800165E-4	0.5739786514370766	0.005140589883500465	3.404285907134162E-4	3.6470216384210845E-4	3.7989043783219473E-4	0.17927052277468133	6.3944699440128E-4	0.013887895585783235	9.74589933035947E-4	8.688554887310191E-4	6.481623466413122E-4
111	111	0.17103859830440118	0.051046084611992754	0.028482468651925816	2.2838294037063375E-4	0.424247143098919	3.8403938836218575E-4	1.930691303191092E-4	0.033114664960609774	2.1544934370847758E-4	4.15813221270746E-4	0.26868803147018483	0.007876318252502445	5.527245240909011E-4	0.013149616241342874	3.6759585999925054E-4
112	112	0.33437163512842333	0.005044122618779395	0.03315925982614041	0.008304824355752312	0.1346120024311252	0.006137286465575156	0.34345711714544164	0.015454621866044333	4.684078243605968E-5	9.040183783494982E-5	6.29189083901115E-4	0.00446411207504237	0.01608016627479958	0.001758164885071215	0.09639025522363297
113	113	0.24382867174355752	0.0748679929354934	2.4117137895173288E-4	8.641506994182362E-5	0.3559200610002404	0.023132876105003343	7.30531027101102E-5	0.015403304717715465	8.152128208557763E-5	1.5733455634003572E-4	1.3721992874268592E-4	0.05278661400449899	2.0913877512200566E-4	0.01263804625839332	0.2204365791412036
114	114	0.3164759851625713	0.014571374258332449	0.0823672672923111	5.224018215670024E-5	0.13815278343251397	8.784494836098541E-5	0.10947978483853	0.21949758053157706	4.9281758710203595E-5	9.511287658831273E-5	0.019769784583183743	0.0012226000410245849	0.0383420440315102	0.0012707622704314638	0.05856555379219793
115	115	0.4113864392957142	0.02179472817991146	3.8874721521338255E-5	1.3929355107712394E-5	0.10461499016620966	0.016697699223147556	3.205584150242737E-4	0.0020197039531966963	1.3140519214651696E-5	0.0028044069891705902	0.008359256750324284	1.721195336754021E-5	0.02550829997006777	0.002500317099950344	0.40391044340807186
116	116	0.11189579655338072	3.810373861072512E-4	0.3530799377470392	2.0786207158331424E-4	0.4874998073334137	3.4953233680678775E-4	1.7572130966433245E-4	1.8825076276187641E-4	1.96090596048163E-4	3.7845119878394376E-4	3.300676452633968E-4	2.568469434016658E-4	0.035061867111764365	0.007360244264390352	0.002638486739590811
117	117	0.3481726173820074	0.08706465050994505	2.3035991034052737E-4	8.254116989501029E-5	0.35460256178412236	1.387978469396E-4	0.003729287348774738	0.18213533344732472	7.786676559094065E-5	0.014788317978184204	1.31068498341277E-4	0.0019317474314532732	0.0011146405813554177	0.003837599876025187	0.001962609469700344
118	118	0.23970584721984373	1.3412877953627617E-4	2.042047855510856E-4	7.316942376227751E-5	0.3175849011945884	1.2303870290344954E-4	0.016281893132202716	6.626605676146549E-5	6.902575255195025E-5	9.44220295128938E-4	0.39588510345825184	0.010633436979239245	0.018019123436723346	1.578702646762659E-4	1.1777051827905478E-4
119	119	0.18728058952215496	0.28013065219915617	0.05213083380459647	1.0393615632591711E-4	0.37163579673471586	0.02782318209933004	8.786498360162133E-5	9.41300188045569E-5	9.805012857641594E-5	0.005949319780694312	1.6504195361332873E-4	1.284297989425622E-4	0.011771712421609114	0.062433169002524685	1.6729139535395337E-4
120	120	0.23551194167981898	0.02565663566247074	3.763484880042054E-4	1.3485091412895992E-4	0.3476545548237248	0.001721432528849376	1.139995337277079E-4	1.2212804024585116E-4	1.2721414699549285E-4	0.037612339955022854	0.3051273752180147	0.010629339268534727	0.033209162274384904	0.0017856269382636703	2.170505278129525E-4
121	121	0.36273141042273366	0.01447427777108716	5.086292549344514E-4	0.012302413916285712	0.29612747645977994	0.01444665482679769	1.5406863519045415E-4	0.01834530162470793	1.7192798394533815E-4	3.3181780738041365E-4	0.004329451142388056	0.26282877191713416	4.410726506211951E-4	0.012513385101364162	2.933404856495606E-4
122	122	0.07182912574395463	0.001026972675193326	0.0015635178045287394	5.602302438245719E-4	0.3948998548221234	9.420602074359296E-4	4.736044022296009E-4	5.073738076355897E-4	5.285037409614005E-4	0.007229533033946211	0.49144252073156736	6.922543619018854E-4	0.026193972557827617	0.001208752130665696	9.017237362040881E-4
123	123	0.22705051794774708	0.24421400430660162	2.6037445539108813E-4	9.329580015457904E-5	0.42665720625888576	1.568823922223759E-4	0.009385593761780423	0.010425297849917262	0.002156173207215058	0.00740842519932015	0.00221630681366704	0.05285338383157834	2.257912813296547E-4	0.007439857917155995	0.009456888977033569
124	124	0.248960312560663	1.1915088309178815E-4	0.2617007211947963	6.499873842686183E-5	0.3973910447298738	1.0929921345813195E-4	0.031033820845021418	5.8866256812571156E-5	6.131778281346209E-5	0.008043170044281329	0.03900691300894975	0.003682510855383823	1.5730770741979514E-4	8.606801002265749E-4	0.008749886078781337
