0	0	0.001736111111111111	0.11631944444444443	0.001736111111111111	0.001736111111111111	0.10069444444444443	0.012152777777777778	0.3663194444444444	0.06944444444444445	0.022569444444444444	0.04340277777777778	0.001736111111111111	0.06944444444444445	0.001736111111111111	0.16319444444444445	0.027777777777777776
1	1	0.06180344478216818	0.1469098277608916	0.010131712259371834	0.07700101317122593	0.16210739614994935	0.010131712259371834	0.010131712259371834	0.06180344478216818	0.007092198581560284	0.007092198581560284	0.007092198581560284	0.19858156028368792	0.010131712259371834	0.1651469098277609	0.06484295845997973
2	2	0.059748427672955975	0.1069182389937107	0.022012578616352203	0.003144654088050314	0.003144654088050314	0.003144654088050314	0.003144654088050314	0.11635220125786164	0.003144654088050314	0.031446540880503145	0.003144654088050314	0.003144654088050314	0.3427672955974843	0.29559748427672955	0.003144654088050314
3	3	0.012919896640826874	0.09819121447028423	0.0012919896640826872	0.016795865633074933	0.09819121447028423	0.024547803617571057	0.35012919896640826	0.0012919896640826872	0.12919896640826875	0.07881136950904392	0.009043927648578812	0.0012919896640826872	0.08268733850129198	0.0516795865633075	0.043927648578811374
4	4	0.0013123359580052493	0.22178477690288714	0.013123359580052493	0.0013123359580052493	0.009186351706036745	0.0013123359580052493	0.2847769028871391	0.0013123359580052493	0.09973753280839895	0.1509186351706037	0.0013123359580052493	0.0013123359580052493	0.009186351706036745	0.12335958005249344	0.0800524934383202
5	5	0.047619047619047616	0.047619047619047616	0.047619047619047616	0.19047619047619047	0.047619047619047616	0.047619047619047616	0.047619047619047616	0.047619047619047616	0.047619047619047616	0.047619047619047616	0.19047619047619047	0.047619047619047616	0.047619047619047616	0.047619047619047616	0.047619047619047616
6	6	0.013661202185792351	0.03415300546448088	0.001366120218579235	0.21857923497267762	0.001366120218579235	0.025956284153005462	0.001366120218579235	0.1489071038251366	0.00546448087431694	0.001366120218579235	0.001366120218579235	0.050546448087431695	0.1284153005464481	0.26775956284153	0.09972677595628415
7	7	0.14414414414414414	0.27927927927927926	0.001287001287001287	0.009009009009009009	0.08236808236808237	0.12097812097812097	0.012870012870012871	0.1287001287001287	0.04761904761904762	0.10553410553410553	0.005148005148005148	0.012870012870012871	0.028314028314028312	0.005148005148005148	0.01673101673101673
8	8	0.005148005148005148	0.01673101673101673	0.001287001287001287	0.001287001287001287	0.039897039897039896	0.059202059202059204	0.0978120978120978	0.055341055341055344	0.06692406692406692	0.039897039897039896	0.036036036036036036	0.37966537966537967	0.13256113256113258	0.032175032175032175	0.036036036036036036
9	9	0.05922865013774105	0.1831955922865014	0.001377410468319559	0.013774104683195593	0.05096418732782369	0.005509641873278236	0.001377410468319559	0.2369146005509642	0.013774104683195593	0.001377410468319559	0.001377410468319559	0.01790633608815427	0.09641873278236913	0.001377410468319559	0.31542699724517903
10	10	0.15942028985507245	0.4028985507246377	0.011594202898550725	0.002898550724637681	0.011594202898550725	0.02028985507246377	0.002898550724637681	0.06376811594202898	0.028985507246376812	0.06376811594202898	0.002898550724637681	0.002898550724637681	0.1681159420289855	0.02028985507246377	0.03768115942028985
11	11	0.13963963963963966	0.13963963963963966	0.018018018018018018	0.0045045045045045045	0.0045045045045045045	0.0045045045045045045	0.04504504504504505	0.0045045045045045045	0.031531531531531536	0.0045045045045045045	0.04504504504504505	0.04504504504504505	0.22072072072072071	0.018018018018018018	0.27477477477477474
12	12	0.2394822006472492	0.0016181229773462782	0.011326860841423949	0.0016181229773462782	0.21521035598705504	0.006472491909385113	0.0016181229773462782	0.13268608414239483	0.016181229773462785	0.13268608414239483	0.05016181229773463	0.05016181229773463	0.021035598705501618	0.09385113268608414	0.02588996763754045
13	13	0.0606060606060606	0.3834900731452455	0.001044932079414838	0.001044932079414838	0.04179728317659352	0.04179728317659352	0.001044932079414838	0.0825496342737722	0.001044932079414838	0.001044932079414838	0.01044932079414838	0.026123301985370953	0.1233019853709509	0.19540229885057472	0.029258098223615466
14	14	0.024305555555555556	0.20138888888888887	0.003472222222222222	0.05555555555555555	0.013888888888888888	0.003472222222222222	0.013888888888888888	0.034722222222222224	0.4618055555555556	0.003472222222222222	0.024305555555555556	0.12847222222222224	0.003472222222222222	0.024305555555555556	0.003472222222222222
15	15	0.17122040072859745	0.19854280510018216	0.07832422586520947	0.03460837887067395	0.0018214936247723133	0.0018214936247723133	0.0018214936247723133	0.17122040072859745	0.018214936247723135	0.0018214936247723133	0.03460837887067395	0.0018214936247723133	0.13296903460837886	0.13296903460837886	0.018214936247723135
16	16	0.016025641025641028	0.0016025641025641025	0.07371794871794872	0.3189102564102564	0.0016025641025641025	0.18910256410256412	0.011217948717948718	0.1842948717948718	0.035256410256410256	0.00641025641025641	0.00641025641025641	0.016025641025641028	0.030448717948717948	0.0016025641025641025	0.10737179487179487
17	17	0.0018315018315018315	0.05677655677655678	0.0018315018315018315	0.0018315018315018315	0.15018315018315018	0.0018315018315018315	0.2326007326007326	0.21062271062271062	0.0018315018315018315	0.0018315018315018315	0.04029304029304029	0.0018315018315018315	0.19963369963369965	0.09523809523809523	0.0018315018315018315
18	18	0.19444444444444445	0.2517361111111111	0.001736111111111111	0.1111111111111111	0.001736111111111111	0.012152777777777778	0.001736111111111111	0.012152777777777778	0.001736111111111111	0.001736111111111111	0.10590277777777778	0.07986111111111112	0.1996527777777778	0.022569444444444444	0.001736111111111111
19	19	0.0334855403348554	0.03805175038051751	0.0015220700152207	0.0243531202435312	0.106544901065449	0.0289193302891933	0.0015220700152207	0.0837138508371385	0.015220700152207002	0.0015220700152207	0.5083713850837138	0.0015220700152207	0.106544901065449	0.04261796042617961	0.0060882800608828
20	20	0.047619047619047616	0.047619047619047616	0.047619047619047616	0.19047619047619047	0.19047619047619047	0.047619047619047616	0.047619047619047616	0.047619047619047616	0.047619047619047616	0.047619047619047616	0.047619047619047616	0.047619047619047616	0.047619047619047616	0.047619047619047616	0.047619047619047616
21	21	0.0010718113612004287	0.1264737406216506	0.010718113612004287	0.0010718113612004287	0.08788853161843516	0.013933547695605572	0.0010718113612004287	0.08788853161843516	0.007502679528403002	0.0010718113612004287	0.0010718113612004287	0.004287245444801715	0.10396570203644159	0.01714898177920686	0.534833869239014
22	22	0.04786324786324787	0.15042735042735042	0.0017094017094017094	0.011965811965811967	0.052991452991453	0.0017094017094017094	0.006837606837606838	0.011965811965811967	0.06324786324786325	0.10427350427350426	0.04786324786324787	0.39145299145299145	0.06324786324786325	0.042735042735042736	0.0017094017094017094
23	23	0.11317829457364341	0.16899224806201552	0.0015503875968992248	0.043410852713178294	0.26666666666666666	0.07596899224806201	0.010852713178294573	0.0015503875968992248	0.0015503875968992248	0.10852713178294573	0.006201550387596899	0.12713178294573643	0.0015503875968992248	0.0015503875968992248	0.07131782945736434
24	24	0.11021505376344086	0.009408602150537635	0.01747311827956989	0.02553763440860215	0.0013440860215053762	0.11424731182795698	0.01747311827956989	0.19892473118279572	0.0013440860215053762	0.11827956989247311	0.0013440860215053762	0.013440860215053764	0.12231182795698924	0.17876344086021506	0.06989247311827956
25	25	0.08375778155065082	0.029428409734012447	0.00905489530277306	0.0345217883418223	0.04640633842671194	0.022637238256932656	0.2874929258630447	0.1907187323146576	0.1380871533672892	0.01414827391058291	0.00905489530277306	0.019241652518392757	0.1143180531975099	5.659309564233163E-4	5.659309564233163E-4
26	26	0.052083333333333336	0.03958333333333333	0.04583333333333333	0.0020833333333333333	0.014583333333333334	0.03958333333333333	0.0020833333333333333	0.22708333333333336	0.20833333333333334	0.17083333333333334	0.014583333333333334	0.014583333333333334	0.008333333333333333	0.0020833333333333333	0.15833333333333333
27	27	0.1111111111111111	0.027777777777777776	0.19444444444444445	0.005847953216374269	0.23391812865497078	0.0014619883040935672	0.0014619883040935672	0.04093567251461989	0.019005847953216373	0.0014619883040935672	0.15497076023391815	0.0014619883040935672	0.04532163742690059	0.1154970760233918	0.04532163742690059
28	28	0.047619047619047616	0.047619047619047616	0.047619047619047616	0.047619047619047616	0.19047619047619047	0.047619047619047616	0.047619047619047616	0.047619047619047616	0.19047619047619047	0.047619047619047616	0.047619047619047616	0.047619047619047616	0.047619047619047616	0.047619047619047616	0.047619047619047616
29	29	0.27318295739348375	0.10776942355889725	0.01754385964912281	0.002506265664160401	0.002506265664160401	0.002506265664160401	0.07017543859649124	0.010025062656641603	0.047619047619047616	0.11528822055137845	0.002506265664160401	0.002506265664160401	0.03258145363408521	0.31077694235588976	0.002506265664160401
30	30	0.003003003003003003	0.1921921921921922	0.003003003003003003	0.057057057057057055	0.22822822822822822	0.003003003003003003	0.003003003003003003	0.24624624624624625	0.03003003003003003	0.039039039039039033	0.003003003003003003	0.0930930930930931	0.021021021021021023	0.003003003003003003	0.07507507507507508
31	31	0.012300123001230012	0.0012300123001230013	0.0012300123001230013	0.0012300123001230013	0.04551045510455105	0.0012300123001230013	0.0012300123001230013	0.15252152521525217	0.05289052890528906	0.14883148831488316	0.004920049200492005	0.01968019680196802	0.08979089790897908	0.25953259532595324	0.20787207872078722
32	32	0.047619047619047616	0.047619047619047616	0.047619047619047616	0.19047619047619047	0.047619047619047616	0.047619047619047616	0.047619047619047616	0.047619047619047616	0.047619047619047616	0.047619047619047616	0.047619047619047616	0.047619047619047616	0.047619047619047616	0.047619047619047616	0.19047619047619047
33	33	0.05197132616487455	0.03853046594982079	8.960573476702509E-4	8.960573476702509E-4	0.0546594982078853	0.033154121863799284	0.36111111111111116	0.1971326164874552	0.08691756272401434	0.01971326164874552	0.0062724014336917565	8.960573476702509E-4	0.0896057347670251	0.05734767025089606	8.960573476702509E-4
34	34	0.0024154589371980675	0.03140096618357488	0.00966183574879227	0.060386473429951695	0.19082125603864733	0.0024154589371980675	0.10386473429951691	0.19806763285024154	0.0024154589371980675	0.03864734299516908	0.0024154589371980675	0.060386473429951695	0.0024154589371980675	0.2632850241545894	0.03140096618357488
35	35	0.047619047619047616	0.047619047619047616	0.047619047619047616	0.19047619047619047	0.047619047619047616	0.047619047619047616	0.047619047619047616	0.047619047619047616	0.047619047619047616	0.047619047619047616	0.047619047619047616	0.047619047619047616	0.047619047619047616	0.047619047619047616	0.19047619047619047
36	36	0.10574712643678161	0.24367816091954025	0.18160919540229883	0.0022988505747126436	0.0022988505747126436	0.0022988505747126436	0.0022988505747126436	0.2574712643678161	0.0022988505747126436	0.0367816091954023	0.009195402298850575	0.0574712643678161	0.04367816091954023	0.029885057471264367	0.022988505747126436
37	37	0.031073446327683614	0.24293785310734464	0.018361581920903952	0.06497175141242938	0.12429378531073446	0.005649717514124294	0.005649717514124294	0.06497175141242938	0.04378531073446328	0.0014124293785310734	0.014124293785310734	0.03531073446327684	0.009887005649717515	0.0014124293785310734	0.33615819209039544
38	38	0.19047619047619047	0.047619047619047616	0.047619047619047616	0.19047619047619047	0.047619047619047616	0.047619047619047616	0.047619047619047616	0.047619047619047616	0.047619047619047616	0.047619047619047616	0.047619047619047616	0.047619047619047616	0.047619047619047616	0.047619047619047616	0.047619047619047616
39	39	0.047619047619047616	0.047619047619047616	0.047619047619047616	0.19047619047619047	0.19047619047619047	0.047619047619047616	0.047619047619047616	0.047619047619047616	0.047619047619047616	0.047619047619047616	0.047619047619047616	0.047619047619047616	0.047619047619047616	0.047619047619047616	0.047619047619047616
40	40	0.047619047619047616	0.047619047619047616	0.047619047619047616	0.19047619047619047	0.047619047619047616	0.047619047619047616	0.047619047619047616	0.047619047619047616	0.047619047619047616	0.047619047619047616	0.047619047619047616	0.047619047619047616	0.19047619047619047	0.047619047619047616	0.047619047619047616
41	41	0.029295328582739512	0.09580364212193192	0.007917656373713382	7.91765637371338E-4	0.06967537608867774	7.91765637371338E-4	0.3262074425969913	0.1456848772763262	0.0768012668250198	7.91765637371338E-4	7.91765637371338E-4	0.022169437846397466	0.06730007917656373	0.15518606492478226	7.91765637371338E-4
42	42	0.10926694329183956	0.10096818810511755	0.042876901798063624	0.0055325034578146606	0.1798063623789765	0.0013831258644536651	0.0013831258644536651	0.08022130013831258	0.03872752420470263	0.02627939142461964	0.009681881051175657	0.02627939142461964	0.12171507607192254	0.13416320885200556	0.12171507607192254
43	43	0.21921921921921922	0.13813813813813813	0.2552552552552552	0.003003003003003003	0.003003003003003003	0.003003003003003003	0.07507507507507508	0.17417417417417416	0.003003003003003003	0.003003003003003003	0.003003003003003003	0.003003003003003003	0.021021021021021023	0.06606606606606606	0.03003003003003003
44	44	0.005747126436781609	0.16091954022988506	0.005747126436781609	0.022988505747126436	0.022988505747126436	0.22988505747126436	0.005747126436781609	0.2471264367816092	0.005747126436781609	0.005747126436781609	0.005747126436781609	0.005747126436781609	0.19540229885057472	0.040229885057471264	0.040229885057471264
45	45	0.15775034293552814	0.1824417009602195	0.0054869684499314125	0.24828532235939643	0.03429355281207133	0.0013717421124828531	0.009602194787379973	0.10425240054869685	0.042524005486968455	0.07133058984910837	0.0013717421124828531	0.0013717421124828531	0.05075445816186557	0.0672153635116598	0.02194787379972565
46	46	0.09235209235209235	0.044733044733044736	0.001443001443001443	0.005772005772005772	0.13997113997113997	0.001443001443001443	0.1875901875901876	0.018759018759018756	0.062049062049062055	0.05339105339105339	0.031746031746031744	0.01443001443001443	0.15295815295815296	0.19191919191919193	0.001443001443001443
47	47	0.013661202185792351	0.05874316939890711	0.2062841530054645	0.025956284153005462	0.05874316939890711	0.001366120218579235	0.00546448087431694	0.27595628415300544	0.1284153005464481	0.001366120218579235	0.001366120218579235	0.001366120218579235	0.050546448087431695	0.00546448087431694	0.16530054644808745
48	48	0.0091324200913242	0.2146118721461187	0.00228310502283105	0.04337899543378995	0.015981735159817354	0.00228310502283105	0.02968036529680365	0.11187214611872145	0.00228310502283105	0.0091324200913242	0.0091324200913242	0.20776255707762556	0.32420091324200917	0.00228310502283105	0.015981735159817354
49	49	0.054824561403508776	0.015350877192982457	0.02192982456140351	0.0021929824561403508	0.09429824561403509	0.1995614035087719	0.3969298245614035	0.1469298245614035	0.008771929824561403	0.008771929824561403	0.008771929824561403	0.0021929824561403508	0.008771929824561403	0.02850877192982456	0.0021929824561403508
50	50	0.1277258566978193	0.001557632398753894	0.001557632398753894	0.09501557632398754	0.01090342679127726	0.01090342679127726	0.01557632398753894	0.13239875389408098	0.029595015576323987	0.08099688473520249	0.001557632398753894	0.01557632398753894	0.04828660436137072	0.42679127725856697	0.001557632398753894
51	51	0.3048433048433048	0.12108262108262108	0.005698005698005697	0.06125356125356125	0.0698005698005698	0.0014245014245014244	0.018518518518518517	0.14672364672364674	0.0014245014245014244	0.15527065527065528	0.005698005698005697	0.005698005698005697	0.027065527065527065	0.0698005698005698	0.005698005698005697
52	52	0.07187112763320941	0.23543990086741018	0.004956629491945477	0.023543990086741014	0.12391573729863693	0.0161090458488228	0.01982651796778191	0.0681536555142503	0.0012391573729863693	0.008674101610904586	0.16852540272614622	0.1090458488228005	0.09789343246592316	0.042131350681536554	0.008674101610904586
53	53	0.058479532163742694	0.18128654970760236	0.005847953216374269	0.04093567251461989	0.005847953216374269	0.005847953216374269	0.19883040935672516	0.023391812865497075	0.07602339181286549	0.21637426900584797	0.005847953216374269	0.023391812865497075	0.023391812865497075	0.005847953216374269	0.1286549707602339
54	54	0.0016835016835016834	0.20370370370370372	0.037037037037037035	0.0016835016835016834	0.0016835016835016834	0.3148148148148148	0.09764309764309764	0.0016835016835016834	0.04713804713804714	0.021885521885521883	0.0016835016835016834	0.09259259259259259	0.0016835016835016834	0.021885521885521883	0.1531986531986532
55	55	0.047619047619047616	0.028138528138528136	0.03463203463203463	0.17099567099567098	0.0021645021645021645	0.008658008658008658	0.028138528138528136	0.15151515151515152	0.06060606060606061	0.0021645021645021645	0.008658008658008658	0.0800865800865801	0.3073593073593074	0.04112554112554112	0.028138528138528136
56	56	0.13908045977011496	0.035632183908045977	0.008045977011494253	0.011494252873563218	0.13218390804597702	0.0011494252873563218	0.09425287356321839	0.004597701149425287	0.06666666666666667	0.008045977011494253	0.035632183908045977	0.008045977011494253	0.19080459770114944	0.24942528735632183	0.014942528735632184
57	57	0.06100217864923747	0.19825708061002179	0.0021786492374727667	0.015250544662309368	0.10021786492374728	0.07407407407407408	0.02178649237472767	0.11328976034858387	0.008714596949891067	0.0021786492374727667	0.17211328976034856	0.02832244008714597	0.19825708061002179	0.0021786492374727667	0.0021786492374727667
58	58	0.060755336617405585	0.0016420361247947454	0.006568144499178982	0.006568144499178982	0.07060755336617405	0.04105090311986864	0.0016420361247947454	0.3563218390804597	0.05582922824302135	0.11494252873563218	0.02134646962233169	0.026272577996715927	0.07060755336617405	0.04105090311986864	0.12479474548440066
59	59	0.00165016501650165	0.20462046204620463	0.07095709570957096	0.0066006600660066	0.0858085808580858	0.0066006600660066	0.00165016501650165	0.05610561056105611	0.0264026402640264	0.0264026402640264	0.0957095709570957	0.00165016501650165	0.02145214521452145	0.16996699669966997	0.22442244224422445
60	60	0.013541666666666665	0.0010416666666666667	0.03229166666666667	0.0010416666666666667	0.16666666666666669	0.0010416666666666667	0.010416666666666668	0.15729166666666666	0.0010416666666666667	0.12604166666666666	0.03229166666666667	0.03854166666666667	0.36041666666666666	0.026041666666666668	0.03229166666666667
61	61	0.047619047619047616	0.047619047619047616	0.047619047619047616	0.33333333333333337	0.047619047619047616	0.047619047619047616	0.047619047619047616	0.047619047619047616	0.047619047619047616	0.047619047619047616	0.047619047619047616	0.047619047619047616	0.047619047619047616	0.047619047619047616	0.047619047619047616
62	62	0.027450980392156866	0.3921568627450981	0.027450980392156866	0.00392156862745098	0.13333333333333333	0.20392156862745098	0.00392156862745098	0.00392156862745098	0.00392156862745098	0.0392156862745098	0.01568627450980392	0.08627450980392157	0.00392156862745098	0.00392156862745098	0.050980392156862744
63	63	0.047619047619047616	0.047619047619047616	0.047619047619047616	0.047619047619047616	0.19047619047619047	0.047619047619047616	0.047619047619047616	0.047619047619047616	0.047619047619047616	0.19047619047619047	0.047619047619047616	0.047619047619047616	0.047619047619047616	0.047619047619047616	0.047619047619047616
64	64	0.0023809523809523807	0.2238095238095238	0.0023809523809523807	0.03095238095238095	0.016666666666666666	0.009523809523809523	0.009523809523809523	0.1238095238095238	0.0023809523809523807	0.10952380952380952	0.1238095238095238	0.05238095238095238	0.1238095238095238	0.03095238095238095	0.13809523809523808
65	65	0.11172161172161171	0.012820512820512822	0.007326007326007326	0.018315018315018316	0.0018315018315018315	0.04578754578754579	0.012820512820512822	0.19413919413919414	0.315018315018315	0.05128205128205129	0.1391941391941392	0.007326007326007326	0.018315018315018316	0.06227106227106227	0.0018315018315018315
66	66	0.001349527665317139	0.19163292847503374	0.12685560053981107	0.037786774628879895	0.11875843454790823	0.005398110661268556	0.001349527665317139	0.021592442645074223	0.0620782726045884	0.07827260458839405	0.01349527665317139	0.18353576248313092	0.005398110661268556	0.15114709851551958	0.001349527665317139
67	67	0.06214689265536723	0.12994350282485875	0.011299435028248588	0.002824858757062147	0.002824858757062147	0.002824858757062147	0.1638418079096045	0.10451977401129944	0.002824858757062147	0.01977401129943503	0.002824858757062147	0.002824858757062147	0.011299435028248588	0.002824858757062147	0.47740112994350287
68	68	0.037296037296037296	0.01631701631701632	0.002331002331002331	0.002331002331002331	0.07925407925407926	0.023310023310023312	0.2261072261072261	0.19813519813519812	0.01631701631701632	0.14219114219114218	0.002331002331002331	0.07226107226107227	0.07226107226107227	0.08624708624708625	0.023310023310023312
69	69	0.17697594501718214	0.23883161512027493	0.006872852233676976	0.006872852233676976	0.058419243986254296	0.001718213058419244	0.3883161512027491	0.037800687285223365	0.001718213058419244	0.001718213058419244	0.001718213058419244	0.01718213058419244	0.001718213058419244	0.037800687285223365	0.02233676975945017
70	70	0.09126984126984128	0.10317460317460317	0.10317460317460317	0.001984126984126984	0.13293650793650794	0.007936507936507936	0.001984126984126984	0.15079365079365079	0.01388888888888889	0.001984126984126984	0.007936507936507936	0.10317460317460317	0.05555555555555556	0.01388888888888889	0.21031746031746032
71	71	0.007707129094412331	0.04238921001926782	0.0019267822736030828	0.013487475915221581	0.07129094412331406	0.0019267822736030828	0.12909441233140653	0.08863198458574181	0.10597302504816955	0.325626204238921	0.0019267822736030828	0.053949903660886325	0.07129094412331406	0.04238921001926782	0.04238921001926782
72	72	0.16500829187396351	0.04063018242122719	0.013266998341625206	0.01575456053067993	0.07794361525704809	8.291873963515754E-4	0.06301824212271973	0.33913764510779437	0.008291873963515755	0.07048092868988391	0.01077943615257048	0.005804311774461029	0.1252072968490879	0.02072968490878939	0.04311774461028192
73	73	0.14444444444444443	0.0027777777777777775	0.03611111111111111	0.0027777777777777775	0.15277777777777776	0.0027777777777777775	0.22777777777777777	0.08611111111111111	0.09444444444444446	0.11944444444444445	0.019444444444444445	0.06111111111111111	0.0027777777777777775	0.04444444444444444	0.0027777777777777775
74	74	0.009009009009009009	0.032175032175032175	0.001287001287001287	0.009009009009009009	0.009009009009009009	0.001287001287001287	0.001287001287001287	0.11711711711711711	0.41055341055341055	0.09395109395109395	0.27927927927927926	0.02445302445302445	0.001287001287001287	0.005148005148005148	0.005148005148005148
75	75	0.16666666666666666	0.06666666666666667	0.0030303030303030303	0.20303030303030303	0.1303030303030303	0.0030303030303030303	0.012121212121212121	0.17575757575757575	0.021212121212121213	0.0030303030303030303	0.012121212121212121	0.012121212121212121	0.05757575757575757	0.0030303030303030303	0.1303030303030303
76	76	0.002398081534772182	0.27577937649880097	0.002398081534772182	0.002398081534772182	0.002398081534772182	0.002398081534772182	0.002398081534772182	0.18944844124700239	0.002398081534772182	0.009592326139088728	0.002398081534772182	0.3980815347721823	0.05275779376498801	0.05275779376498801	0.002398081534772182
77	77	0.2508250825082508	0.023102310231023104	0.0033003300330033	0.0033003300330033	0.023102310231023104	0.0033003300330033	0.0429042904290429	0.0033003300330033	0.15181518151815182	0.28052805280528054	0.023102310231023104	0.023102310231023104	0.0033003300330033	0.1617161716171617	0.0033003300330033
78	78	0.10804597701149425	0.06666666666666667	0.0011494252873563218	0.008045977011494253	0.04252873563218391	0.0011494252873563218	0.0011494252873563218	0.09425287356321839	0.15977011494252874	0.21839080459770116	0.0011494252873563218	0.011494252873563218	0.05632183908045977	0.08390804597701149	0.14597701149425288
79	79	0.047619047619047616	0.047619047619047616	0.047619047619047616	0.047619047619047616	0.047619047619047616	0.047619047619047616	0.19047619047619047	0.047619047619047616	0.047619047619047616	0.047619047619047616	0.047619047619047616	0.047619047619047616	0.047619047619047616	0.19047619047619047	0.047619047619047616
80	80	0.0011614401858304297	0.14750290360046459	0.0011614401858304297	0.018583042973286876	0.0429732868757259	0.0011614401858304297	0.11962833914053426	0.22764227642276422	0.025551684088269452	0.0011614401858304297	0.011614401858304297	0.036004645760743324	0.25551684088269455	0.0011614401858304297	0.10917537746806039
81	81	0.15942028985507245	0.018115942028985508	0.0018115942028985505	0.050724637681159424	0.012681159420289856	0.007246376811594202	0.018115942028985508	0.034420289855072464	0.018115942028985508	0.3170289855072464	0.034420289855072464	0.007246376811594202	0.07789855072463768	0.24094202898550726	0.0018115942028985505
82	82	0.009762900976290099	0.06834030683403068	0.001394700139470014	0.001394700139470014	0.21059972105997213	0.14365411436541145	0.005578800557880056	0.06415620641562064	0.001394700139470014	0.04741980474198048	0.1771269177126918	0.030683403068340307	0.18549511854951187	0.03486750348675035	0.01813110181311018
83	83	0.047619047619047616	0.047619047619047616	0.047619047619047616	0.047619047619047616	0.047619047619047616	0.047619047619047616	0.19047619047619047	0.047619047619047616	0.047619047619047616	0.047619047619047616	0.19047619047619047	0.047619047619047616	0.047619047619047616	0.047619047619047616	0.047619047619047616
84	84	0.17068273092369476	0.008032128514056224	0.05622489959839358	0.11646586345381525	0.002008032128514056	0.014056224899598395	0.014056224899598395	0.008032128514056224	0.0321285140562249	0.002008032128514056	0.02610441767068273	0.002008032128514056	0.07429718875502009	0.29718875502008035	0.17670682730923695
85	85	0.1950904392764858	0.07493540051679586	0.0012919896640826872	0.0516795865633075	0.11757105943152454	0.0012919896640826872	0.11369509043927647	0.17183462532299743	0.0012919896640826872	0.1214470284237726	0.005167958656330749	0.0012919896640826872	0.05555555555555556	0.08656330749354005	0.0012919896640826872
86	86	0.08579465541490858	0.09423347398030942	0.08579465541490858	0.0014064697609001407	0.04360056258790436	0.0014064697609001407	0.05625879043600563	0.11533052039381153	0.1617440225035162	0.0014064697609001407	0.009845288326300985	0.02250351617440225	0.08157524613220815	0.13642756680731366	0.10267229254571027
87	87	0.22540381791483113	0.15491923641703376	0.01395007342143906	0.16372980910425844	0.06240822320117474	0.04698972099853157	7.342143906020558E-4	0.0513950073421439	0.005139500734214391	0.12408223201174744	0.005139500734214391	7.342143906020558E-4	0.11747430249632894	0.027165932452276068	7.342143906020558E-4
88	88	0.0021929824561403508	0.1469298245614035	0.11403508771929824	0.054824561403508776	0.0021929824561403508	0.02850877192982456	0.0021929824561403508	0.0021929824561403508	0.0021929824561403508	0.2192982456140351	0.0021929824561403508	0.1469298245614035	0.1732456140350877	0.10087719298245615	0.0021929824561403508
89	89	0.030476190476190476	0.08761904761904762	0.0019047619047619048	0.0019047619047619048	0.007619047619047619	0.06476190476190477	0.0019047619047619048	0.20761904761904762	0.0019047619047619048	0.08761904761904762	0.18476190476190477	0.007619047619047619	0.03619047619047619	0.26476190476190475	0.013333333333333334
90	90	0.1175438596491228	0.0017543859649122805	0.0017543859649122805	0.007017543859649122	0.08596491228070174	0.10175438596491228	0.09122807017543859	0.1754385964912281	0.05964912280701755	0.212280701754386	0.0017543859649122805	0.02807017543859649	0.10701754385964912	0.0017543859649122805	0.007017543859649122
91	91	0.018055555555555554	0.08888888888888888	0.0013888888888888887	0.051388888888888894	0.0013888888888888887	0.005555555555555555	0.051388888888888894	0.06805555555555555	0.3888888888888889	0.04722222222222223	0.13472222222222224	0.06805555555555555	0.0013888888888888887	0.059722222222222225	0.01388888888888889
92	92	0.09487179487179488	0.010256410256410256	0.002564102564102564	0.002564102564102564	0.010256410256410256	0.002564102564102564	0.3948717948717949	0.002564102564102564	0.010256410256410256	0.13333333333333333	0.002564102564102564	0.1564102564102564	0.0717948717948718	0.10256410256410257	0.002564102564102564
93	93	0.3516819571865444	0.32415902140672787	0.039755351681957186	0.02140672782874618	0.0030581039755351682	0.0030581039755351682	0.039755351681957186	0.02140672782874618	0.012232415902140673	0.14984709480122324	0.0030581039755351682	0.0030581039755351682	0.0030581039755351682	0.02140672782874618	0.0030581039755351682
94	94	0.01606425702811245	0.2931726907630522	0.02811244979919679	0.01606425702811245	0.08835341365461848	0.01606425702811245	0.004016064257028112	0.01606425702811245	0.004016064257028112	0.02811244979919679	0.004016064257028112	0.01606425702811245	0.2931726907630522	0.01606425702811245	0.1606425702811245
95	95	0.002331002331002331	0.17715617715617715	0.002331002331002331	0.023310023310023312	0.38694638694638694	0.009324009324009324	0.002331002331002331	0.11421911421911421	0.01631701631701632	0.11421911421911421	0.002331002331002331	0.009324009324009324	0.10023310023310024	0.037296037296037296	0.002331002331002331
96	96	0.08045977011494253	0.15486993345432545	6.049606775559588E-4	0.19479733817301875	0.06594071385359952	0.018753781004234724	0.007864488808227465	0.08408953418027829	6.049606775559588E-4	0.09497882637628555	6.049606775559588E-4	0.044162129461584994	0.205686630369026	0.03145795523290986	0.015124016938898973
97	97	0.07161458333333333	0.14583333333333334	0.032552083333333336	0.09895833333333333	0.0013020833333333333	0.10677083333333333	0.013020833333333334	0.055989583333333336	0.0013020833333333333	0.3528645833333333	0.005208333333333333	0.013020833333333334	0.009114583333333334	0.07552083333333333	0.016927083333333332
98	98	0.17357001972386588	0.1854043392504931	0.04930966469428008	0.04339250493096647	0.03155818540433925	0.0019723865877712033	0.013806706114398423	0.04339250493096647	0.0019723865877712033	0.368836291913215	0.013806706114398423	0.007889546351084813	0.0019723865877712033	0.0019723865877712033	0.061143984220907305
99	99	0.030942334739803092	0.009845288326300985	0.3094233473980309	0.0014064697609001407	0.090014064697609	0.02250351617440225	0.009845288326300985	0.16596343178621661	0.31786216596343175	0.005625879043600563	0.02672292545710267	0.0014064697609001407	0.0014064697609001407	0.0014064697609001407	0.005625879043600563
100	100	0.3117283950617284	0.09876543209876543	0.006172839506172839	0.0015432098765432098	0.01080246913580247	0.0015432098765432098	0.08024691358024691	0.3672839506172839	0.01080246913580247	0.0015432098765432098	0.006172839506172839	0.006172839506172839	0.08950617283950617	0.006172839506172839	0.0015432098765432098
101	101	0.15087719298245614	0.21403508771929824	0.003508771929824561	0.003508771929824561	0.003508771929824561	0.003508771929824561	0.003508771929824561	0.09824561403508772	0.045614035087719294	0.18245614035087718	0.003508771929824561	0.1719298245614035	0.02456140350877193	0.08771929824561404	0.003508771929824561
102	102	0.14035087719298245	0.08293460925039872	0.001594896331738437	0.015948963317384372	0.03508771929824561	0.13556618819776714	0.006379585326953748	0.12599681020733652	0.011164274322169059	0.006379585326953748	0.03987240829346093	0.015948963317384372	0.26953748006379585	0.044657097288676235	0.0685805422647528
103	103	0.12994350282485875	0.01977401129943503	0.002824858757062147	0.036723163841807904	0.011299435028248588	0.07062146892655367	0.01977401129943503	0.29096045197740117	0.06214689265536723	0.11299435028248588	0.002824858757062147	0.17231638418079095	0.05367231638418079	0.011299435028248588	0.002824858757062147
104	104	0.0020703933747412005	0.2256728778467909	0.008281573498964802	0.03312629399585921	0.0020703933747412005	0.03312629399585921	0.014492753623188406	0.2318840579710145	0.014492753623188406	0.008281573498964802	0.08902691511387163	0.008281573498964802	0.06418219461697723	0.19461697722567287	0.07039337474120083
105	105	0.1511904761904762	0.16547619047619047	0.029761904761904764	0.0011904761904761904	0.02261904761904762	0.015476190476190475	0.0011904761904761904	0.12976190476190477	0.0011904761904761904	0.008333333333333333	0.0011904761904761904	0.0011904761904761904	0.07976190476190476	0.3904761904761905	0.0011904761904761904
106	106	0.047619047619047616	0.047619047619047616	0.047619047619047616	0.33333333333333337	0.047619047619047616	0.047619047619047616	0.047619047619047616	0.047619047619047616	0.047619047619047616	0.047619047619047616	0.047619047619047616	0.047619047619047616	0.047619047619047616	0.047619047619047616	0.047619047619047616
107	107	0.24109014675052412	0.04612159329140461	0.008385744234800837	0.014675052410901468	0.03354297693920335	0.0020964360587002093	0.014675052410901468	0.14675052410901468	0.008385744234800837	0.17819706498951782	0.014675052410901468	0.06498951781970651	0.027253668763102725	0.1341719077568134	0.06498951781970651
108	108	0.11530398322851153	0.17819706498951782	0.027253668763102725	0.24109014675052412	0.039832285115303984	0.014675052410901468	0.0020964360587002093	0.0020964360587002093	0.09014675052410902	0.15932914046121593	0.014675052410901468	0.020964360587002098	0.014675052410901468	0.03354297693920335	0.04612159329140461
109	109	0.06666666666666667	0.0030303030303030303	0.0030303030303030303	0.0030303030303030303	0.3575757575757576	0.0030303030303030303	0.0030303030303030303	0.012121212121212121	0.11212121212121212	0.12121212121212122	0.0030303030303030303	0.18484848484848485	0.012121212121212121	0.021212121212121213	0.09393939393939395
110	110	0.04532163742690059	0.06286549707602339	0.005847953216374269	0.04532163742690059	0.0014619883040935672	0.0014619883040935672	0.014619883040935673	0.24707602339181287	0.31286549707602335	0.014619883040935673	0.0014619883040935672	0.0014619883040935672	0.06286549707602339	0.010233918128654972	0.17251461988304095
111	111	0.006144393241167435	0.25960061443932414	0.04761904761904762	0.22273425499231952	0.019969278033794162	0.0015360983102918587	0.029185867895545312	0.09831029185867896	0.006144393241167435	0.0015360983102918587	0.006144393241167435	0.04761904761904762	0.029185867895545312	0.04761904761904762	0.17665130568356377
112	112	0.08840579710144927	0.26231884057971017	0.018840579710144925	0.02318840579710145	0.005797101449275362	0.010144927536231885	0.0014492753623188406	0.10579710144927536	0.0014492753623188406	0.0014492753623188406	0.018840579710144925	0.04492753623188406	0.10579710144927536	0.3014492753623188	0.010144927536231885
113	113	0.1111111111111111	0.13194444444444445	0.001736111111111111	0.001736111111111111	0.0954861111111111	0.001736111111111111	0.001736111111111111	0.001736111111111111	0.017361111111111112	0.2152777777777778	0.001736111111111111	0.006944444444444444	0.07465277777777778	0.3350694444444444	0.001736111111111111
114	114	0.10897435897435898	0.1435897435897436	0.001282051282051282	0.012820512820512822	0.001282051282051282	0.001282051282051282	0.001282051282051282	0.012820512820512822	0.44358974358974357	0.06666666666666667	0.10512820512820513	0.02435897435897436	0.005128205128205128	0.05897435897435898	0.012820512820512822
115	115	0.0030864197530864196	0.29012345679012347	0.0030864197530864196	0.0030864197530864196	0.0030864197530864196	0.0030864197530864196	0.0030864197530864196	0.04938271604938271	0.0030864197530864196	0.0030864197530864196	0.0030864197530864196	0.0771604938271605	0.06790123456790123	0.0030864197530864196	0.48456790123456794
116	116	0.023456790123456788	0.0012345679012345679	0.05308641975308642	0.019753086419753086	0.0049382716049382715	0.10123456790123456	0.0012345679012345679	0.38271604938271603	0.06049382716049382	0.0012345679012345679	0.0012345679012345679	0.11234567901234567	0.19753086419753088	0.0049382716049382715	0.034567901234567905
117	117	0.19467787114845939	0.04761904761904762	0.0056022408963585435	0.0014005602240896359	0.08123249299719887	0.04341736694677872	0.06022408963585434	0.07703081232492996	0.0014005602240896359	0.18627450980392157	0.04761904761904762	0.0392156862745098	0.00980392156862745	0.1988795518207283	0.0056022408963585435
118	118	0.391713747645951	0.1374764595103578	0.007532956685499058	0.0018832391713747645	0.10357815442561205	0.007532956685499058	0.0018832391713747645	0.11487758945386063	0.013182674199623353	0.05273069679849341	0.0018832391713747645	0.030131826741996232	0.0018832391713747645	0.07532956685499059	0.05838041431261771
119	119	0.0847145488029466	0.01289134438305709	0.0018416206261510127	0.01841620626151013	0.11233885819521178	0.0018416206261510127	0.007366482504604051	0.2670349907918969	0.17863720073664827	0.12338858195211785	0.023941068139963165	0.029465930018416204	0.01289134438305709	0.12338858195211785	0.0018416206261510127
120	120	0.047619047619047616	0.047619047619047616	0.047619047619047616	0.33333333333333337	0.047619047619047616	0.047619047619047616	0.047619047619047616	0.047619047619047616	0.047619047619047616	0.047619047619047616	0.047619047619047616	0.047619047619047616	0.047619047619047616	0.047619047619047616	0.047619047619047616
121	121	0.020833333333333332	0.20352564102564102	0.00641025641025641	0.20833333333333334	0.030448717948717948	0.0016025641025641025	0.04487179487179487	0.0016025641025641025	0.0016025641025641025	0.0016025641025641025	0.00641025641025641	0.035256410256410256	0.08333333333333333	0.2371794871794872	0.11698717948717949
122	122	0.02880658436213992	0.004115226337448559	0.053497942386831275	0.004115226337448559	0.07818930041152262	0.004115226337448559	0.4732510288065844	0.004115226337448559	0.23868312757201646	0.016460905349794237	0.016460905349794237	0.004115226337448559	0.004115226337448559	0.06584362139917695	0.004115226337448559
123	123	0.0018214936247723133	0.0018214936247723133	0.0018214936247723133	0.15482695810564662	0.02367941712204007	0.0018214936247723133	0.012750455373406194	0.16029143897996356	0.018214936247723135	0.0018214936247723133	0.0018214936247723133	0.0018214936247723133	0.04007285974499089	0.06739526411657559	0.5100182149362477
124	124	0.12534435261707988	0.1790633608815427	0.05096418732782369	0.0674931129476584	0.05922865013774105	0.05922865013774105	0.001377410468319559	0.046831955922865015	0.022038567493112945	0.0303030303030303	0.05509641873278237	0.07988980716253442	0.005509641873278236	0.10468319559228649	0.11294765840220385
125	125	0.02898550724637681	0.2463768115942029	0.09420289855072463	0.007246376811594202	0.07789855072463768	0.1213768115942029	0.0018115942028985505	0.17572463768115942	0.11594202898550723	0.0018115942028985505	0.02898550724637681	0.018115942028985508	0.050724637681159424	0.007246376811594202	0.023550724637681156
126	126	0.0016583747927031507	0.09618573797678275	0.09618573797678275	0.0016583747927031507	0.09121061359867329	0.2504145936981758	0.0016583747927031507	0.14593698175787728	0.01658374792703151	0.0016583747927031507	0.01658374792703151	0.04145936981757878	0.15091210613598674	0.0016583747927031507	0.08623548922056384
