0	0	0.012152777777777778	0.06423611111111112	0.13194444444444445	0.006944444444444444	0.027777777777777776	0.017361111111111112	0.44965277777777773	0.06944444444444445	0.001736111111111111	0.03819444444444444	0.11631944444444443	0.001736111111111111	0.03298611111111111	0.001736111111111111	0.027777777777777776
1	1	0.0010131712259371832	0.022289766970618033	0.3931104356636272	0.025329280648429587	0.1347517730496454	0.0010131712259371832	0.0010131712259371832	0.016210739614994932	0.08915906788247213	0.031408308004052685	0.09523809523809523	0.0010131712259371832	0.004052684903748733	0.004052684903748733	0.18034447821681865
2	2	0.012578616352201257	0.031446540880503145	0.003144654088050314	0.003144654088050314	0.29559748427672955	0.003144654088050314	0.003144654088050314	0.24842767295597484	0.022012578616352203	0.003144654088050314	0.2861635220125786	0.003144654088050314	0.05031446540880503	0.031446540880503145	0.003144654088050314
3	3	0.0012919896640826872	0.009043927648578812	0.2532299741602067	0.0516795865633075	0.08268733850129198	0.03617571059431525	0.31136950904392763	0.0012919896640826872	0.005167958656330749	0.047803617571059435	0.02842377260981912	0.05555555555555556	0.10594315245478035	0.009043927648578812	0.0012919896640826872
4	4	0.01706036745406824	0.03280839895013123	0.2178477690288714	0.024934383202099737	0.0013123359580052493	0.028871391076115485	0.3280839895013123	0.0800524934383202	0.0013123359580052493	0.0013123359580052493	0.0879265091863517	0.024934383202099737	0.1509186351706037	0.0013123359580052493	0.0013123359580052493
5	5	0.047619047619047616	0.047619047619047616	0.19047619047619047	0.047619047619047616	0.047619047619047616	0.047619047619047616	0.047619047619047616	0.047619047619047616	0.047619047619047616	0.19047619047619047	0.047619047619047616	0.047619047619047616	0.047619047619047616	0.047619047619047616	0.047619047619047616
6	6	0.001366120218579235	0.08743169398907104	0.001366120218579235	0.054644808743169404	0.4890710382513661	0.013661202185792351	0.001366120218579235	0.00546448087431694	0.09972677595628415	0.001366120218579235	0.226775956284153	0.001366120218579235	0.009562841530054645	0.001366120218579235	0.00546448087431694
7	7	0.001287001287001287	0.028314028314028312	0.18275418275418276	0.001287001287001287	0.032175032175032175	0.036036036036036036	0.039897039897039896	0.33719433719433717	0.0978120978120978	0.001287001287001287	0.051480051480051484	0.036036036036036036	0.10167310167310167	0.04761904761904762	0.005148005148005148
8	8	0.001287001287001287	0.001287001287001287	0.07464607464607464	0.039897039897039896	0.07464607464607464	0.01673101673101673	0.09009009009009009	0.12097812097812097	0.04375804375804376	0.001287001287001287	0.012870012870012871	0.055341055341055344	0.012870012870012871	0.13642213642213644	0.31788931788931785
9	9	0.005509641873278236	0.2658402203856749	0.10055096418732781	0.21212121212121213	0.046831955922865015	0.013774104683195593	0.005509641873278236	0.18732782369146006	0.11707988980716252	0.001377410468319559	0.001377410468319559	0.03856749311294766	0.001377410468319559	0.001377410468319559	0.001377410468319559
10	10	0.002898550724637681	0.1681159420289855	0.21159420289855072	0.002898550724637681	0.002898550724637681	0.011594202898550725	0.03768115942028985	0.3072463768115942	0.1246376811594203	0.09855072463768116	0.002898550724637681	0.002898550724637681	0.02028985507246377	0.002898550724637681	0.002898550724637681
11	11	0.0045045045045045045	0.018018018018018018	0.04504504504504505	0.3153153153153153	0.1936936936936937	0.12612612612612614	0.0045045045045045045	0.13963963963963966	0.0990990990990991	0.0045045045045045045	0.0045045045045045045	0.0045045045045045045	0.0045045045045045045	0.031531531531531536	0.0045045045045045045
12	12	0.0016181229773462782	0.19093851132686085	0.1423948220064725	0.011326860841423949	0.006472491909385113	0.006472491909385113	0.02588996763754045	0.0016181229773462782	0.2394822006472492	0.021035598705501618	0.05501618122977347	0.03559870550161812	0.20064724919093851	0.04045307443365696	0.021035598705501618
13	13	0.001044932079414838	0.001044932079414838	0.16091954022988506	0.004179728317659352	0.3019853709508882	0.004179728317659352	0.001044932079414838	0.12016718913270638	0.1013584117032393	0.019853709508881923	0.17345872518286312	0.04806687565308255	0.001044932079414838	0.035527690700104496	0.026123301985370953
14	14	0.003472222222222222	0.034722222222222224	0.3055555555555555	0.003472222222222222	0.003472222222222222	0.4305555555555556	0.003472222222222222	0.024305555555555556	0.034722222222222224	0.003472222222222222	0.013888888888888888	0.013888888888888888	0.013888888888888888	0.024305555555555556	0.08680555555555557
15	15	0.08378870673952642	0.04007285974499089	0.07832422586520947	0.012750455373406194	0.13296903460837886	0.0018214936247723133	0.0018214936247723133	0.15482695810564662	0.14389799635701275	0.07285974499089254	0.08925318761384335	0.14936247723132967	0.0018214936247723133	0.018214936247723135	0.018214936247723135
16	16	0.035256410256410256	0.16987179487179488	0.0016025641025641025	0.3573717948717948	0.14102564102564102	0.020833333333333332	0.0016025641025641025	0.0016025641025641025	0.1266025641025641	0.02564102564102564	0.0016025641025641025	0.00641025641025641	0.0016025641025641025	0.10256410256410256	0.00641025641025641
17	17	0.007326007326007326	0.1336996336996337	0.16117216117216115	0.0018315018315018315	0.0018315018315018315	0.018315018315018316	0.0018315018315018315	0.15567765567765568	0.007326007326007326	0.0018315018315018315	0.06776556776556777	0.43589743589743585	0.0018315018315018315	0.0018315018315018315	0.0018315018315018315
18	18	0.001736111111111111	0.04340277777777778	0.1996527777777778	0.001736111111111111	0.3350694444444444	0.012152777777777778	0.05902777777777778	0.09027777777777778	0.19444444444444445	0.04340277777777778	0.001736111111111111	0.001736111111111111	0.001736111111111111	0.001736111111111111	0.012152777777777778
19	19	0.0060882800608828	0.0060882800608828	0.010654490106544902	0.010654490106544902	0.17047184170471844	0.3713850837138508	0.03805175038051751	0.1202435312024353	0.05175038051750381	0.05631659056316591	0.03805175038051751	0.04718417047184171	0.0060882800608828	0.0243531202435312	0.04261796042617961
20	20	0.047619047619047616	0.047619047619047616	0.047619047619047616	0.047619047619047616	0.047619047619047616	0.047619047619047616	0.047619047619047616	0.19047619047619047	0.047619047619047616	0.047619047619047616	0.047619047619047616	0.19047619047619047	0.047619047619047616	0.047619047619047616	0.047619047619047616
21	21	0.013933547695605572	0.06538049303322614	0.12325830653804931	0.2647374062165059	0.11039657020364417	0.004287245444801715	0.0010718113612004287	0.08788853161843516	0.007502679528403002	0.030010718113612007	0.0010718113612004287	0.27438370846730975	0.0010718113612004287	0.0010718113612004287	0.013933547695605572
22	22	0.006837606837606838	0.08376068376068375	0.13504273504273503	0.0017094017094017094	0.07863247863247863	0.042735042735042736	0.0017094017094017094	0.032478632478632474	0.017094017094017096	0.0017094017094017094	0.08888888888888888	0.006837606837606838	0.06324786324786325	0.006837606837606838	0.43247863247863244
23	23	0.0015503875968992248	0.006201550387596899	0.3317829457364341	0.020155038759689922	0.12713178294573643	0.0015503875968992248	0.03875968992248062	0.010852713178294573	0.04806201550387597	0.10852713178294573	0.006201550387596899	0.020155038759689922	0.17364341085271318	0.006201550387596899	0.09922480620155039
24	24	0.005376344086021505	0.11021505376344086	0.053763440860215055	0.07392473118279569	0.1827956989247312	0.013440860215053764	0.029569892473118278	0.0013440860215053762	0.029569892473118278	0.21505376344086022	0.13440860215053765	0.0013440860215053762	0.13440860215053765	0.009408602150537635	0.005376344086021505
25	25	0.005659309564233164	0.14997170345217883	0.020939445387662705	0.00905489530277306	0.1041312959818902	0.10073571024335032	0.2246745897000566	0.05998868138087154	0.15506508205998867	0.02603282399547255	0.007357102433503112	0.04470854555744199	5.659309564233163E-4	0.07696661007357103	0.01414827391058291
26	26	0.04583333333333333	0.18958333333333333	0.02708333333333333	0.14583333333333331	0.020833333333333336	0.11458333333333333	0.008333333333333333	0.0020833333333333333	0.08958333333333333	0.0020833333333333333	0.014583333333333334	0.02708333333333333	0.19583333333333333	0.10208333333333333	0.014583333333333334
27	27	0.19005847953216376	0.05409356725146199	0.16374269005847955	0.005847953216374269	0.07163742690058479	0.014619883040935673	0.06286549707602339	0.005847953216374269	0.11988304093567251	0.07602339181286549	0.0891812865497076	0.097953216374269	0.005847953216374269	0.027777777777777776	0.014619883040935673
28	28	0.047619047619047616	0.047619047619047616	0.047619047619047616	0.19047619047619047	0.047619047619047616	0.047619047619047616	0.047619047619047616	0.047619047619047616	0.047619047619047616	0.19047619047619047	0.047619047619047616	0.047619047619047616	0.047619047619047616	0.047619047619047616	0.047619047619047616
29	29	0.03258145363408521	0.002506265664160401	0.13784461152882205	0.002506265664160401	0.002506265664160401	0.002506265664160401	0.10025062656641605	0.20551378446115287	0.16791979949874686	0.002506265664160401	0.23558897243107768	0.010025062656641603	0.09273182957393485	0.002506265664160401	0.002506265664160401
30	30	0.003003003003003003	0.003003003003003003	0.29129129129129133	0.06606606606606606	0.16516516516516516	0.003003003003003003	0.003003003003003003	0.2552552552552552	0.012012012012012012	0.07507507507507508	0.012012012012012012	0.039039039039039033	0.039039039039039033	0.03003003003003003	0.003003003003003003
31	31	0.004920049200492005	0.09348093480934809	0.023370233702337023	0.12669126691266913	0.16728167281672818	0.00861008610086101	0.004920049200492005	0.04551045510455105	0.11562115621156212	0.0012300123001230013	0.1968019680196802	0.0012300123001230013	0.14145141451414514	0.06765067650676507	0.0012300123001230013
32	32	0.19047619047619047	0.047619047619047616	0.047619047619047616	0.047619047619047616	0.047619047619047616	0.047619047619047616	0.047619047619047616	0.047619047619047616	0.047619047619047616	0.047619047619047616	0.047619047619047616	0.19047619047619047	0.047619047619047616	0.047619047619047616	0.047619047619047616
33	33	8.960573476702509E-4	0.03853046594982079	0.08154121863799282	0.0035842293906810036	0.0896057347670251	0.08422939068100357	0.4229390681003585	8.960573476702509E-4	0.12455197132616488	0.0492831541218638	0.025089605734767026	0.05734767025089606	8.960573476702509E-4	0.0035842293906810036	0.017025089605734765
34	34	0.0024154589371980675	0.1400966183574879	0.03140096618357488	0.016908212560386476	0.04589371980676328	0.0024154589371980675	0.10386473429951691	0.0024154589371980675	0.11835748792270531	0.04589371980676328	0.285024154589372	0.12560386473429952	0.024154589371980676	0.0024154589371980675	0.05314009661835749
35	35	0.047619047619047616	0.047619047619047616	0.047619047619047616	0.047619047619047616	0.047619047619047616	0.19047619047619047	0.047619047619047616	0.047619047619047616	0.047619047619047616	0.047619047619047616	0.047619047619047616	0.19047619047619047	0.047619047619047616	0.047619047619047616	0.047619047619047616
36	36	0.04367816091954023	0.14022988505747125	0.2298850574712644	0.016091954022988506	0.11954022988505747	0.009195402298850575	0.0022988505747126436	0.016091954022988506	0.11264367816091954	0.0022988505747126436	0.09195402298850575	0.18850574712643678	0.016091954022988506	0.0022988505747126436	0.009195402298850575
37	37	0.0692090395480226	0.09463276836158191	0.192090395480226	0.192090395480226	0.18361581920903955	0.031073446327683614	0.018361581920903952	0.08192090395480225	0.0480225988700565	0.005649717514124294	0.0014124293785310734	0.005649717514124294	0.0014124293785310734	0.05649717514124294	0.018361581920903952
38	38	0.19047619047619047	0.047619047619047616	0.047619047619047616	0.047619047619047616	0.047619047619047616	0.047619047619047616	0.047619047619047616	0.047619047619047616	0.047619047619047616	0.19047619047619047	0.047619047619047616	0.047619047619047616	0.047619047619047616	0.047619047619047616	0.047619047619047616
39	39	0.047619047619047616	0.047619047619047616	0.047619047619047616	0.047619047619047616	0.047619047619047616	0.047619047619047616	0.047619047619047616	0.047619047619047616	0.047619047619047616	0.19047619047619047	0.047619047619047616	0.047619047619047616	0.19047619047619047	0.047619047619047616	0.047619047619047616
40	40	0.047619047619047616	0.047619047619047616	0.047619047619047616	0.19047619047619047	0.047619047619047616	0.047619047619047616	0.047619047619047616	0.047619047619047616	0.047619047619047616	0.19047619047619047	0.047619047619047616	0.047619047619047616	0.047619047619047616	0.047619047619047616	0.047619047619047616
41	41	7.91765637371338E-4	0.09580364212193192	0.07917656373713382	7.91765637371338E-4	0.026920031670625497	0.02454473475851148	0.34996041171813147	7.91765637371338E-4	0.09817893903404593	7.91765637371338E-4	0.14093428345209819	0.055423594615993665	0.007917656373713382	0.07917656373713382	0.038796516231195566
42	42	0.055325034578146616	0.08437067773167357	0.23789764868603044	0.030428769017980636	0.11756569847856155	0.0677731673582296	0.0013831258644536651	0.013831258644536654	0.1839557399723375	0.05117565698478562	0.13416320885200556	0.0013831258644536651	0.017980636237897647	0.0013831258644536651	0.0013831258644536651
43	43	0.2732732732732733	0.057057057057057055	0.07507507507507508	0.021021021021021023	0.07507507507507508	0.012012012012012012	0.12012012012012012	0.039039039039039033	0.1921921921921922	0.039039039039039033	0.06606606606606606	0.003003003003003003	0.003003003003003003	0.003003003003003003	0.021021021021021023
44	44	0.005747126436781609	0.19540229885057472	0.1264367816091954	0.040229885057471264	0.1264367816091954	0.005747126436781609	0.005747126436781609	0.005747126436781609	0.005747126436781609	0.22988505747126436	0.005747126436781609	0.07471264367816091	0.005747126436781609	0.005747126436781609	0.16091954022988506
45	45	0.0013717421124828531	0.042524005486968455	0.04663923182441701	0.0013717421124828531	0.3223593964334705	0.02194787379972565	0.0013717421124828531	0.16598079561042525	0.24828532235939643	0.009602194787379973	0.038408779149519894	0.06310013717421126	0.03017832647462277	0.0054869684499314125	0.0013717421124828531
46	46	0.001443001443001443	0.001443001443001443	0.24386724386724387	0.001443001443001443	0.11832611832611832	0.023088023088023088	0.15295815295815296	0.062049062049062055	0.018759018759018756	0.001443001443001443	0.17460317460317462	0.10533910533910533	0.06637806637806638	0.023088023088023088	0.005772005772005772
47	47	0.26775956284153	0.24316939890710385	0.054644808743169404	0.050546448087431695	0.14480874316939893	0.0669398907103825	0.00546448087431694	0.054644808743169404	0.001366120218579235	0.013661202185792351	0.001366120218579235	0.001366120218579235	0.001366120218579235	0.08743169398907104	0.00546448087431694
48	48	0.00228310502283105	0.015981735159817354	0.09817351598173517	0.00228310502283105	0.25570776255707767	0.00228310502283105	0.0091324200913242	0.2214611872146119	0.022831050228310504	0.00228310502283105	0.00228310502283105	0.09817351598173517	0.022831050228310504	0.0091324200913242	0.2351598173515982
49	49	0.02850877192982456	0.08114035087719298	0.02850877192982456	0.0021929824561403508	0.08771929824561404	0.015350877192982457	0.2719298245614035	0.015350877192982457	0.10087719298245615	0.2785087719298246	0.0021929824561403508	0.06140350877192983	0.0021929824561403508	0.0021929824561403508	0.02192982456140351
50	50	0.001557632398753894	0.06230529595015576	0.024922118380062305	0.001557632398753894	0.12305295950155763	0.05763239875389408	0.001557632398753894	0.001557632398753894	0.0763239875389408	0.006230529595015576	0.5155763239875389	0.05763239875389408	0.04828660436137072	0.001557632398753894	0.020249221183800622
51	51	0.0014245014245014244	0.02279202279202279	0.2022792022792023	0.009971509971509971	0.03133903133903134	0.0014245014245014244	0.0014245014245014244	0.07834757834757834	0.3347578347578347	0.06552706552706553	0.12108262108262108	0.005698005698005697	0.12108262108262108	0.0014245014245014244	0.0014245014245014244
52	52	0.004956629491945477	0.008674101610904586	0.1573729863692689	0.06071871127633209	0.027261462205700124	0.0012391573729863693	0.04956629491945477	0.32837670384138784	0.08674101610904585	0.04584882280049567	0.023543990086741014	0.023543990086741014	0.0012391573729863693	0.03841387856257745	0.14250309789343246
53	53	0.005847953216374269	0.005847953216374269	0.21637426900584797	0.07602339181286549	0.14619883040935674	0.04093567251461989	0.16374269005847955	0.005847953216374269	0.005847953216374269	0.005847953216374269	0.005847953216374269	0.023391812865497075	0.28654970760233917	0.005847953216374269	0.005847953216374269
54	54	0.006734006734006734	0.06734006734006734	0.026936026936026935	0.17845117845117847	0.0016835016835016834	0.0016835016835016834	0.09764309764309764	0.2138047138047138	0.006734006734006734	0.0016835016835016834	0.006734006734006734	0.0016835016835016834	0.0016835016835016834	0.0016835016835016834	0.3855218855218855
55	55	0.04112554112554112	0.12554112554112554	0.008658008658008658	0.0021645021645021645	0.22943722943722944	0.08658008658008659	0.0021645021645021645	0.18398268398268397	0.13203463203463203	0.028138528138528136	0.028138528138528136	0.11904761904761904	0.0021645021645021645	0.0021645021645021645	0.008658008658008658
56	56	0.0011494252873563218	0.0735632183908046	0.14942528735632185	0.008045977011494253	0.14597701149425288	0.03218390804597701	0.0735632183908046	0.0011494252873563218	0.0735632183908046	0.08735632183908046	0.15287356321839082	0.15632183908045977	0.008045977011494253	0.02873563218390805	0.008045977011494253
57	57	0.008714596949891067	0.02178649237472767	0.2636165577342048	0.0021786492374727667	0.11982570806100216	0.04793028322440087	0.0021786492374727667	0.17864923747276687	0.02178649237472767	0.17864923747276687	0.015250544662309368	0.0021786492374727667	0.0021786492374727667	0.13289760348583876	0.0021786492374727667
58	58	0.026272577996715927	0.2873563218390805	0.0016420361247947454	0.04105090311986864	0.11494252873563218	0.0361247947454844	0.026272577996715927	0.006568144499178982	0.17898193760262726	0.0016420361247947454	0.01149425287356322	0.0016420361247947454	0.13957307060755336	0.12479474548440066	0.0016420361247947454
59	59	0.07590759075907591	0.1254125412541254	0.2590759075907591	0.10066006600660066	0.1897689768976898	0.05115511551155116	0.00165016501650165	0.00165016501650165	0.016501650165016504	0.0066006600660066	0.06600660066006601	0.041254125412541254	0.03135313531353135	0.016501650165016504	0.016501650165016504
60	60	0.016666666666666666	0.051041666666666666	0.051041666666666666	0.03854166666666667	0.23854166666666665	0.016666666666666666	0.07291666666666666	0.03229166666666667	0.0010416666666666667	0.11979166666666667	0.026041666666666668	0.21354166666666666	0.10104166666666667	0.007291666666666667	0.013541666666666665
61	61	0.047619047619047616	0.047619047619047616	0.047619047619047616	0.047619047619047616	0.047619047619047616	0.047619047619047616	0.047619047619047616	0.047619047619047616	0.047619047619047616	0.19047619047619047	0.047619047619047616	0.047619047619047616	0.047619047619047616	0.047619047619047616	0.19047619047619047
62	62	0.00392156862745098	0.00392156862745098	0.28627450980392155	0.06274509803921569	0.10980392156862746	0.00392156862745098	0.01568627450980392	0.08627450980392157	0.027450980392156866	0.027450980392156866	0.00392156862745098	0.027450980392156866	0.01568627450980392	0.25098039215686274	0.07450980392156863
63	63	0.047619047619047616	0.047619047619047616	0.047619047619047616	0.047619047619047616	0.047619047619047616	0.047619047619047616	0.047619047619047616	0.047619047619047616	0.047619047619047616	0.047619047619047616	0.047619047619047616	0.19047619047619047	0.047619047619047616	0.19047619047619047	0.047619047619047616
64	64	0.009523809523809523	0.07380952380952381	0.13809523809523808	0.05238095238095238	0.0023809523809523807	0.03095238095238095	0.016666666666666666	0.3523809523809524	0.02380952380952381	0.0023809523809523807	0.05952380952380953	0.0023809523809523807	0.10952380952380952	0.04523809523809524	0.08095238095238096
65	65	0.018315018315018316	0.05128205128205129	0.0018315018315018315	0.012820512820512822	0.023809523809523808	0.4084249084249084	0.0018315018315018315	0.007326007326007326	0.2326007326007326	0.007326007326007326	0.10622710622710622	0.0018315018315018315	0.06776556776556777	0.023809523809523808	0.0347985347985348
66	66	0.14709851551956815	0.029689608636977057	0.2321187584345479	0.005398110661268556	0.19568151147098517	0.04183535762483131	0.009446693657219974	0.01349527665317139	0.05398110661268556	0.001349527665317139	0.09446693657219972	0.02564102564102564	0.058029689608636977	0.0904183535762483	0.001349527665317139
67	67	0.002824858757062147	0.1384180790960452	0.11299435028248588	0.39265536723163846	0.04519774011299435	0.011299435028248588	0.12146892655367232	0.096045197740113	0.002824858757062147	0.002824858757062147	0.01977401129943503	0.002824858757062147	0.02824858757062147	0.002824858757062147	0.01977401129943503
68	68	0.009324009324009324	0.14918414918414918	0.023310023310023312	0.01631701631701632	0.01631701631701632	0.01631701631701632	0.08624708624708625	0.05128205128205128	0.009324009324009324	0.04428904428904429	0.10722610722610723	0.29603729603729606	0.08624708624708625	0.023310023310023312	0.06526806526806528
69	69	0.006872852233676976	0.01718213058419244	0.3573883161512027	0.001718213058419244	0.03264604810996563	0.006872852233676976	0.39347079037800686	0.012027491408934709	0.09965635738831614	0.001718213058419244	0.03264604810996563	0.001718213058419244	0.006872852233676976	0.027491408934707903	0.001718213058419244
70	70	0.04960317460317461	0.007936507936507936	0.19246031746031747	0.1626984126984127	0.031746031746031744	0.001984126984126984	0.001984126984126984	0.09722222222222221	0.15674603174603174	0.07341269841269842	0.01388888888888889	0.001984126984126984	0.019841269841269844	0.025793650793650792	0.1626984126984127
71	71	0.0019267822736030828	0.036608863198458574	0.007707129094412331	0.025048169556840076	0.18111753371868977	0.05973025048169557	0.05973025048169557	0.08863198458574181	0.0019267822736030828	0.025048169556840076	0.07707129094412332	0.07129094412331406	0.3603082851637765	0.0019267822736030828	0.0019267822736030828
72	72	0.005804311774461029	0.16998341625207294	0.05555555555555555	0.023217247097844115	0.16003316749585406	0.023217247097844115	0.06301824212271973	0.01824212271973466	0.2595356550580431	0.01824212271973466	8.291873963515754E-4	0.11774461028192372	0.08043117744610283	0.0033167495854063015	8.291873963515754E-4
73	73	0.019444444444444445	0.06944444444444445	0.10277777777777779	0.019444444444444445	0.0027777777777777775	0.10277777777777779	0.16944444444444443	0.0027777777777777775	0.04444444444444444	0.0027777777777777775	0.06944444444444445	0.11944444444444445	0.14444444444444443	0.09444444444444446	0.03611111111111111
74	74	0.001287001287001287	0.06306306306306306	0.02059202059202059	0.009009009009009009	0.009009009009009009	0.6229086229086229	0.001287001287001287	0.02059202059202059	0.11711711711711711	0.001287001287001287	0.005148005148005148	0.02059202059202059	0.0978120978120978	0.001287001287001287	0.009009009009009009
75	75	0.0030303030303030303	0.25757575757575757	0.08484848484848485	0.24848484848484848	0.07575757575757576	0.012121212121212121	0.0030303030303030303	0.021212121212121213	0.20303030303030303	0.012121212121212121	0.0030303030303030303	0.012121212121212121	0.030303030303030304	0.030303030303030304	0.0030303030303030303
76	76	0.002398081534772182	0.0671462829736211	0.002398081534772182	0.002398081534772182	0.23980815347721823	0.009592326139088728	0.002398081534772182	0.2326139088729017	0.009592326139088728	0.016786570743405275	0.0815347721822542	0.002398081534772182	0.002398081534772182	0.0815347721822542	0.2470023980815348
77	77	0.0132013201320132	0.0132013201320132	0.0033003300330033	0.023102310231023104	0.0033003300330033	0.1716171617161716	0.0132013201320132	0.0033003300330033	0.1815181518151815	0.0429042904290429	0.1617161716171617	0.0033003300330033	0.35973597359735976	0.0033003300330033	0.0033003300330033
78	78	0.0011494252873563218	0.10804597701149425	0.23908045977011494	0.14597701149425288	0.008045977011494253	0.03218390804597701	0.0011494252873563218	0.004597701149425287	0.035632183908045977	0.0011494252873563218	0.07011494252873562	0.0011494252873563218	0.20114942528735633	0.11839080459770115	0.03218390804597701
79	79	0.047619047619047616	0.047619047619047616	0.047619047619047616	0.047619047619047616	0.047619047619047616	0.047619047619047616	0.19047619047619047	0.047619047619047616	0.047619047619047616	0.047619047619047616	0.047619047619047616	0.047619047619047616	0.047619047619047616	0.19047619047619047	0.047619047619047616
80	80	0.008130081300813009	0.08478513356562137	0.04994192799070848	0.08826945412311266	0.025551684088269452	0.022067363530778164	0.11962833914053426	0.4262485481997677	0.011614401858304297	0.018583042973286876	0.0011614401858304297	0.09872241579558652	0.0011614401858304297	0.022067363530778164	0.022067363530778164
81	81	0.012681159420289856	0.034420289855072464	0.09420289855072463	0.0018115942028985505	0.11050724637681159	0.023550724637681156	0.012681159420289856	0.007246376811594202	0.11594202898550723	0.012681159420289856	0.22463768115942032	0.02898550724637681	0.27898550724637683	0.012681159420289856	0.02898550724637681
82	82	0.001394700139470014	0.001394700139470014	0.09762900976290097	0.001394700139470014	0.16457461645746166	0.12273361227336123	0.01813110181311018	0.11436541143654114	0.06834030683403068	0.005578800557880056	0.043235704323570434	0.01813110181311018	0.05160390516039052	0.28591352859135283	0.005578800557880056
83	83	0.047619047619047616	0.047619047619047616	0.047619047619047616	0.047619047619047616	0.047619047619047616	0.047619047619047616	0.19047619047619047	0.047619047619047616	0.047619047619047616	0.047619047619047616	0.047619047619047616	0.19047619047619047	0.047619047619047616	0.047619047619047616	0.047619047619047616
84	84	0.008032128514056224	0.008032128514056224	0.1827309236947791	0.26706827309236947	0.17068273092369476	0.05020080321285141	0.002008032128514056	0.002008032128514056	0.02610441767068273	0.014056224899598395	0.2068273092369478	0.0321285140562249	0.002008032128514056	0.002008032128514056	0.02610441767068273
85	85	0.0012919896640826872	0.043927648578811374	0.06718346253229973	0.0012919896640826872	0.005167958656330749	0.0012919896640826872	0.1330749354005168	0.07493540051679586	0.35400516795865633	0.005167958656330749	0.0904392764857881	0.009043927648578812	0.1330749354005168	0.07881136950904392	0.0012919896640826872
86	86	0.014064697609001408	0.052039381153305204	0.21659634317862167	0.08157524613220815	0.08579465541490858	0.15752461322081576	0.06891701828410689	0.17862165963431786	0.01828410689170183	0.0014064697609001407	0.09845288326300984	0.0014064697609001407	0.0014064697609001407	0.009845288326300985	0.014064697609001408
87	87	0.002936857562408223	7.342143906020558E-4	0.08443465491923642	7.342143906020558E-4	0.16372980910425844	0.009544787077826725	0.005139500734214391	0.0513950073421439	0.3906020558002937	0.04698972099853157	0.029368575624082235	0.06461086637298091	0.12187958883994127	0.027165932452276068	7.342143906020558E-4
88	88	0.1469298245614035	0.02850877192982456	0.06798245614035088	0.11403508771929824	0.15350877192982457	0.0021929824561403508	0.02850877192982456	0.12061403508771928	0.0021929824561403508	0.02192982456140351	0.08114035087719298	0.0021929824561403508	0.15350877192982457	0.0021929824561403508	0.07456140350877194
89	89	0.0019047619047619048	0.29904761904761906	0.05333333333333334	0.0019047619047619048	0.05904761904761905	0.0019047619047619048	0.0019047619047619048	0.06476190476190477	0.06476190476190477	0.030476190476190476	0.20761904761904762	0.03619047619047619	0.14476190476190476	0.007619047619047619	0.02476190476190476
90	90	0.007017543859649122	0.0017543859649122805	0.012280701754385965	0.0017543859649122805	0.01754385964912281	0.04385964912280702	0.07017543859649124	0.24912280701754388	0.10701754385964912	0.07017543859649124	0.0649122807017544	0.0017543859649122805	0.2385964912280702	0.11228070175438595	0.0017543859649122805
91	91	0.009722222222222222	0.08888888888888888	0.04722222222222223	0.030555555555555555	0.0013888888888888887	0.33888888888888885	0.08055555555555555	0.018055555555555554	0.04722222222222223	0.0013888888888888887	0.07638888888888888	0.005555555555555555	0.04722222222222223	0.059722222222222225	0.14722222222222223
92	92	0.01794871794871795	0.002564102564102564	0.010256410256410256	0.002564102564102564	0.01794871794871795	0.025641025641025644	0.2641025641025641	0.041025641025641026	0.06410256410256411	0.03333333333333333	0.19487179487179487	0.06410256410256411	0.1717948717948718	0.01794871794871795	0.0717948717948718
93	93	0.05810397553516819	0.012232415902140673	0.3700305810397554	0.0030581039755351682	0.039755351681957186	0.0030581039755351682	0.0030581039755351682	0.12232415902140674	0.21406727828746178	0.0030581039755351682	0.02140672782874618	0.0030581039755351682	0.12232415902140674	0.012232415902140673	0.012232415902140673
94	94	0.05220883534136546	0.004016064257028112	0.004016064257028112	0.11244979919678716	0.4016064257028113	0.02811244979919679	0.004016064257028112	0.18473895582329317	0.004016064257028112	0.004016064257028112	0.02811244979919679	0.1244979919678715	0.02811244979919679	0.004016064257028112	0.01606425702811245
95	95	0.009324009324009324	0.01631701631701632	0.19813519813519812	0.01631701631701632	0.07925407925407926	0.023310023310023312	0.002331002331002331	0.002331002331002331	0.372960372960373	0.05128205128205128	0.002331002331002331	0.05827505827505828	0.16317016317016317	0.002331002331002331	0.002331002331002331
96	96	0.002419842710223835	0.04053236539624924	0.0986085904416213	0.06412583182093165	0.13309134906231093	0.002419842710223835	6.049606775559588E-4	0.14761040532365396	0.17664851784633998	0.08771929824561404	0.02964307320024198	0.049606775559588624	0.10223835450695705	0.049606775559588624	0.015124016938898973
97	97	0.020833333333333332	0.059895833333333336	0.13411458333333334	0.036458333333333336	0.07942708333333333	0.013020833333333334	0.0013020833333333333	0.028645833333333332	0.07942708333333333	0.059895833333333336	0.044270833333333336	0.024739583333333332	0.4114583333333333	0.0013020833333333333	0.005208333333333333
98	98	0.03747534516765286	0.0019723865877712033	0.2504930966469428	0.04339250493096647	0.02564102564102564	0.0019723865877712033	0.04339250493096647	0.05522682445759369	0.126232741617357	0.0019723865877712033	0.0019723865877712033	0.0019723865877712033	0.32149901380670615	0.01972386587771203	0.06706114398422092
99	99	0.25035161744022505	0.09423347398030942	0.02672292545710267	0.014064697609001408	0.01828410689170183	0.3220815752461322	0.014064697609001408	0.005625879043600563	0.06891701828410689	0.01828410689170183	0.009845288326300985	0.0014064697609001407	0.014064697609001408	0.1406469760900141	0.0014064697609001407
100	100	0.006172839506172839	0.3395061728395061	0.01080246913580247	0.01080246913580247	0.0154320987654321	0.0015432098765432098	0.04783950617283951	0.10339506172839506	0.316358024691358	0.020061728395061727	0.0015432098765432098	0.05246913580246914	0.006172839506172839	0.006172839506172839	0.0617283950617284
101	101	0.014035087719298244	0.14035087719298248	0.045614035087719294	0.003508771929824561	0.15087719298245614	0.03508771929824562	0.003508771929824561	0.14035087719298248	0.02456140350877193	0.003508771929824561	0.14035087719298248	0.014035087719298244	0.19298245614035087	0.003508771929824561	0.08771929824561404
102	102	0.001594896331738437	0.13556618819776714	0.06379585326953749	0.0685805422647528	0.11164274322169059	0.015948963317384372	0.001594896331738437	0.11164274322169059	0.09728867623604465	0.2647527910685806	0.011164274322169059	0.001594896331738437	0.001594896331738437	0.001594896331738437	0.11164274322169059
103	103	0.002824858757062147	0.17231638418079095	0.002824858757062147	0.002824858757062147	0.12994350282485875	0.01977401129943503	0.011299435028248588	0.002824858757062147	0.1807909604519774	0.002824858757062147	0.01977401129943503	0.05367231638418079	0.15536723163841806	0.14689265536723162	0.096045197740113
104	104	0.0020703933747412005	0.18840579710144928	0.10144927536231883	0.039337474120082816	0.34368530020703936	0.08281573498964803	0.03312629399585921	0.08281573498964803	0.008281573498964802	0.0020703933747412005	0.08281573498964803	0.0020703933747412005	0.020703933747412008	0.0020703933747412005	0.008281573498964802
105	105	0.0011904761904761904	0.14047619047619048	0.2976190476190476	0.0047619047619047615	0.008333333333333333	0.015476190476190475	0.011904761904761906	0.09404761904761905	0.06904761904761904	0.0011904761904761904	0.3261904761904762	0.0011904761904761904	0.019047619047619046	0.008333333333333333	0.0011904761904761904
106	106	0.047619047619047616	0.047619047619047616	0.047619047619047616	0.047619047619047616	0.047619047619047616	0.047619047619047616	0.047619047619047616	0.047619047619047616	0.047619047619047616	0.047619047619047616	0.047619047619047616	0.19047619047619047	0.19047619047619047	0.047619047619047616	0.047619047619047616
107	107	0.0020964360587002093	0.020964360587002098	0.09643605870020965	0.07127882599580714	0.17819706498951782	0.008385744234800837	0.052410901467505246	0.0020964360587002093	0.2159329140461216	0.008385744234800837	0.10272536687631026	0.0020964360587002093	0.15932914046121593	0.03354297693920335	0.04612159329140461
108	108	0.014675052410901468	0.052410901467505246	0.33542976939203356	0.2159329140461216	0.039832285115303984	0.05870020964360587	0.0020964360587002093	0.0020964360587002093	0.06498951781970651	0.020964360587002098	0.04612159329140461	0.0020964360587002093	0.14046121593291405	0.0020964360587002093	0.0020964360587002093
109	109	0.0030303030303030303	0.012121212121212121	0.2212121212121212	0.048484848484848485	0.03939393939393939	0.0030303030303030303	0.0030303030303030303	0.0030303030303030303	0.09393939393939395	0.0030303030303030303	0.06666666666666667	0.09393939393939395	0.08484848484848485	0.2212121212121212	0.10303030303030304
110	110	0.0014619883040935672	0.260233918128655	0.0935672514619883	0.17690058479532164	0.1154970760233918	0.23391812865497078	0.0014619883040935672	0.0014619883040935672	0.0014619883040935672	0.019005847953216373	0.005847953216374269	0.023391812865497075	0.0014619883040935672	0.04970760233918129	0.014619883040935673
111	111	0.0015360983102918587	0.10291858678955453	0.0015360983102918587	0.2642089093701997	0.0015360983102918587	0.010752688172043012	0.1075268817204301	0.3655913978494623	0.0015360983102918587	0.0015360983102918587	0.010752688172043012	0.0015360983102918587	0.0015360983102918587	0.06605222734254992	0.06144393241167435
112	112	0.014492753623188406	0.04492753623188406	0.08840579710144927	0.005797101449275362	0.24492753623188407	0.014492753623188406	0.0014492753623188406	0.1144927536231884	0.12318840579710144	0.036231884057971016	0.23623188405797102	0.0014492753623188406	0.02318840579710145	0.005797101449275362	0.04492753623188406
113	113	0.001736111111111111	0.001736111111111111	0.22048611111111113	0.001736111111111111	0.1267361111111111	0.001736111111111111	0.001736111111111111	0.001736111111111111	0.1111111111111111	0.001736111111111111	0.2621527777777778	0.006944444444444444	0.1996527777777778	0.05902777777777778	0.001736111111111111
114	114	0.001282051282051282	0.001282051282051282	0.20512820512820515	0.001282051282051282	0.001282051282051282	0.5358974358974359	0.03974358974358975	0.008974358974358975	0.07435897435897436	0.001282051282051282	0.05128205128205129	0.001282051282051282	0.0358974358974359	0.012820512820512822	0.028205128205128206
115	115	0.012345679012345678	0.06790123456790123	0.02160493827160494	0.34567901234567905	0.0030864197530864196	0.0030864197530864196	0.0030864197530864196	0.47530864197530864	0.0030864197530864196	0.0030864197530864196	0.0030864197530864196	0.0030864197530864196	0.0030864197530864196	0.0030864197530864196	0.04938271604938271
116	116	0.01604938271604938	0.2679012345679012	0.0049382716049382715	0.01604938271604938	0.11234567901234567	0.07160493827160494	0.0049382716049382715	0.15308641975308643	0.027160493827160494	0.04197530864197531	0.008641975308641976	0.0049382716049382715	0.0049382716049382715	0.2271604938271605	0.03827160493827161
117	117	0.0056022408963585435	0.06022408963585434	0.16106442577030813	0.0056022408963585435	0.00980392156862745	0.04761904761904762	0.09803921568627451	0.04761904761904762	0.10644257703081232	0.12324929971988795	0.17366946778711487	0.0014005602240896359	0.12324929971988795	0.014005602240896359	0.022408963585434174
118	118	0.0018832391713747645	0.21092278719397364	0.2787193973634652	0.04708097928436912	0.0018832391713747645	0.013182674199623353	0.0018832391713747645	0.0018832391713747645	0.16572504708097927	0.05273069679849341	0.09227871939736346	0.0018832391713747645	0.0696798493408663	0.02448210922787194	0.035781544256120526
119	119	0.0018416206261510127	0.19521178637200737	0.09576427255985266	0.0018416206261510127	0.0018416206261510127	0.15101289134438306	0.01289134438305709	0.007366482504604051	0.21731123388581952	0.01289134438305709	0.06813996316758748	0.06261510128913444	0.13443830570902393	0.034990791896869246	0.0018416206261510127
120	120	0.047619047619047616	0.047619047619047616	0.047619047619047616	0.047619047619047616	0.047619047619047616	0.19047619047619047	0.047619047619047616	0.047619047619047616	0.047619047619047616	0.19047619047619047	0.047619047619047616	0.047619047619047616	0.047619047619047616	0.047619047619047616	0.047619047619047616
121	121	0.0016025641025641025	0.0016025641025641025	0.06891025641025642	0.06410256410256411	0.40544871794871795	0.0016025641025641025	0.011217948717948718	0.08333333333333333	0.04487179487179487	0.0016025641025641025	0.2467948717948718	0.035256410256410256	0.011217948717948718	0.020833333333333332	0.0016025641025641025
122	122	0.004115226337448559	0.004115226337448559	0.0411522633744856	0.004115226337448559	0.004115226337448559	0.27572016460905346	0.5596707818930041	0.004115226337448559	0.0411522633744856	0.02880658436213992	0.004115226337448559	0.004115226337448559	0.004115226337448559	0.004115226337448559	0.016460905349794237
123	123	0.007285974499089253	0.17122040072859745	0.012750455373406194	0.5045537340619307	0.1384335154826958	0.0018214936247723133	0.0018214936247723133	0.012750455373406194	0.02367941712204007	0.0018214936247723133	0.061930783242258654	0.04007285974499089	0.0018214936247723133	0.007285974499089253	0.012750455373406194
124	124	0.013774104683195593	0.11707988980716252	0.19146005509641875	0.05509641873278237	0.21212121212121213	0.05922865013774105	0.013774104683195593	0.05509641873278237	0.07162534435261708	0.009641873278236915	0.09641873278236913	0.022038567493112945	0.04269972451790634	0.03443526170798898	0.005509641873278236
125	125	0.06702898550724638	0.10507246376811594	0.09963768115942029	0.012681159420289856	0.08876811594202898	0.05615942028985508	0.0018115942028985505	0.2463768115942029	0.023550724637681156	0.018115942028985508	0.0018115942028985505	0.05615942028985508	0.0018115942028985505	0.18659420289855075	0.034420289855072464
126	126	0.1310116086235489	0.09121061359867329	0.02155887230514096	0.0713101160862355	0.08623548922056384	0.03648424543946932	0.026533996683250412	0.12603648424543945	0.01658374792703151	0.2504145936981758	0.0016583747927031507	0.0016583747927031507	0.0016583747927031507	0.0016583747927031507	0.13598673300165837
