0	0	0.011076196974682066	5.64392649472897E-4	0.0013542299952905628	0.1530219806345308	0.1521519084626053	8.14322382504041E-4	0.08234356736699737	0.006933273680468054	9.88281118714402E-4	0.33177055578329395	0.2551412694103212	0.0016105767704565042	9.311983390601434E-4	4.891183939972939E-4	8.09128037605374E-4
1	1	0.030659743069425077	3.286990259242552E-4	7.886957435486457E-4	0.1799029812385095	0.08861239449323562	4.742566618601059E-4	0.07519157752888074	0.0010117699042429768	0.01873234157261896	0.3747889828354061	3.124971959932035E-4	9.379906278363181E-4	0.19421456289706449	2.848597334120084E-4	0.033758647472042005
2	2	0.0012253645477922296	0.0010108426229672714	0.002425462843676183	0.14377969582205702	0.24458960704166374	0.0014584735889811961	0.11025476175579381	0.0589486977385588	0.0017700384283942886	0.3336364238362757	9.61017406058512E-4	0.08664041489008946	0.0016678016137124127	8.760243791118095E-4	0.010755373484867579
3	3	0.004361723196766212	4.186476183287587E-4	0.08579757833138776	0.12121505436523619	0.004942769683897052	6.040371473751598E-4	0.05722547843376467	0.0783732371932396	0.008441533541657158	0.35016052290363936	0.2740483284306971	0.001194672059809699	0.008399191442106147	0.0042170414962901135	6.001841558051314E-4
4	4	0.03221035460555476	0.004391354449543325	0.004993474374362835	0.11665387052572497	0.04072970956899532	6.207857026874088E-4	0.13011198540142804	0.12411843178271961	0.03244218997114491	0.30045318515488134	0.004370146809909712	0.04479988325145667	7.098842272727663E-4	3.7287161993664124E-4	0.16302187255438164
5	5	0.015572862094219599	0.012846554761838653	0.14909490922441876	0.17147740106794468	0.03340276292083453	0.018535388599407066	0.2184982617047336	0.03954303620063915	0.022494990895988647	0.21891494960507782	0.01221333811367245	0.03665951833203013	0.021195687909900382	0.011133182261280586	0.01841715630801397
6	6	0.1472027094161871	4.425259734907111E-4	0.005135880480814765	0.21775817055604668	0.18448346453001507	6.384895433869057E-4	0.0034525584934437924	0.0013621411276311538	0.049663642908323286	0.33754008314152567	4.207135250284459E-4	0.05015156915850283	7.301290190266942E-4	3.8350533738880626E-4	6.344167891880765E-4
7	7	5.134300219136186E-4	0.012121494110239269	0.004915589828456542	0.1070357563457792	0.001101273561318268	0.020107685098806897	0.12028396142976884	0.0831893597295936	7.416493897394194E-4	0.41664574516094505	4.026680784432595E-4	0.17667788487309052	6.988119744599671E-4	3.6705584225903674E-4	0.05519763455518659
8	8	5.094569542093847E-4	4.202674255671795E-4	0.02809240581821036	0.11394576792686122	0.0010927515929228624	0.058643509811888546	0.04970860721587741	0.02837762358836332	0.016212479777928317	0.3012164930016918	0.042960118194644334	0.02054500626902629	0.3334396482388346	3.6421545963572546E-4	0.0044716487243387166
9	9	5.408461134097952E-4	4.4616135246105626E-4	0.005178072065066604	0.322235361439273	0.0011600792708225355	6.437347755266249E-4	0.11027674691369722	0.001373331203483586	0.20615783929029227	0.3279904011143188	4.2416971334969546E-4	0.001273186514424549	7.361270752774289E-4	3.86655858086068E-4	0.021177287300510782
10	10	0.0011210384341754434	9.247806567365862E-4	0.010732845546902545	0.1570801109779233	0.002404553563458652	0.0013343008424909545	0.2456038239149933	0.01136045516104057	0.0697304097426151	0.2626615874702891	8.79197500894119E-4	0.2325138588906044	0.001525806922454279	8.014406814922261E-4	0.0013257896939294137
11	11	0.0017450326536059197	0.001439533555881558	0.02995987483220643	0.1252382358959597	0.0037429800421304197	0.0020770015272430957	0.18351878752973905	0.004431034512175474	0.26757860881481654	0.36910601697109996	0.001368577830391183	0.004107919030413992	0.0023751040299872317	0.0012475398848932268	0.002063752889456199
12	12	6.536033703561519E-4	5.391784399682883E-4	0.0012937298472986084	0.25539114883689656	0.05104076182938633	7.779425763957847E-4	0.24743688046881915	0.16546777222768536	0.01583577741794099	0.18788777832897693	5.126019164684316E-4	0.0015386243448686217	8.895971062422918E-4	4.6726705757339917E-4	0.0702673362311231
13	13	4.134704029152257E-4	3.410850324951858E-4	8.184153042762446E-4	0.1835419098606515	0.18929640853608853	0.016192922705433332	0.0466233493673081	0.004190054354550954	5.972577740087449E-4	0.4799763587942305	3.242726866935049E-4	0.07319699358323313	0.003702919398606435	2.9559379178018783E-4	4.889884077284531E-4
14	14	0.0013511007255191903	0.0011145664396260758	0.3925970608803931	0.24062210225758257	0.023420270347666323	0.0016081293748651795	0.02921802226973235	0.0034307518153484633	0.032735036765312024	0.26526002989354697	0.001059628595344661	0.003180577951305109	0.00183893680812691	9.659143283710803E-4	0.0015978715472600468
15	15	7.138416111568596E-4	5.888709020552902E-4	0.001412964253984992	0.09460224711788633	0.06116621700807879	8.496403282303828E-4	0.17807818302613482	0.0018126060900504517	0.028137995547406383	0.3461597642030865	5.598449985570444E-4	0.2185352428363556	9.715853075458372E-4	0.06556677606987824	8.442206995925524E-4
16	16	0.2452885300944724	0.005318266262956612	0.0012502859392524138	0.23242344241657217	0.0013548586417752339	0.14466762778678352	0.03284853614236874	0.0016039159528641873	0.04888436177076141	0.1911728272131794	4.953885619417059E-4	0.04466169943213384	0.024845692252359563	0.0244375441968153	7.470233357634649E-4
17	17	7.177327059646266E-4	5.920807912990945E-4	0.0014206662116550293	0.24229280546375553	0.07240147289621228	0.0063051934621045766	0.053677671627847666	0.007273408274998879	0.001036764506661912	0.25538098322690944	0.15318870737444434	0.18157000868183423	9.76881343089867E-4	5.131137090947655E-4	0.02265250972412772
18	18	6.806319884541681E-4	0.005730630418778736	0.006516384972771135	0.064355347824632	0.001459910760727126	8.10113023724003E-4	0.30419159439511245	0.0017282793102461444	0.07852050057781984	0.3403938926938406	5.337996673750508E-4	0.1721843731318664	0.021603005640345698	4.865900651063213E-4	8.049455292002927E-4
19	19	5.97272362830001E-4	0.05492553503638454	0.0057182981637939985	0.10637025711704953	0.010353247499954355	0.34545212577823786	0.16714256213520073	0.028733023203173672	8.62759605973368E-4	0.257879919963898	4.6842316261841974E-4	0.00594208635376004	8.129269059958175E-4	4.269955024825086E-4	0.014314567208647192
20	20	0.015572862094219599	0.012846554761838653	0.030824621495110654	0.17147740106794468	0.03340276292083453	0.018535388599407066	0.10022797397542552	0.03954303620063915	0.022494990895988647	0.33718523733438593	0.01221333811367245	0.03665951833203013	0.021195687909900382	0.1294034699905887	0.01841715630801397
21	21	4.241249615360593E-4	3.498743205501134E-4	0.004060581302103782	0.15283968794548608	9.09720092124594E-4	0.0037258855732349937	0.0027296964006984455	0.007519102812782336	0.345267841367953	0.32806977850798813	3.326287439231188E-4	0.11051502083223826	0.007019415064890016	3.032108336779176E-4	0.03593343124081319
22	22	6.702382912044729E-4	5.529011211519951E-4	0.0115070943060832	0.21098894489084802	0.016708273393238816	7.977420660707404E-4	0.07048654264645433	0.08314538830084492	9.681588501566421E-4	0.3351958545082709	5.256481960531033E-4	0.0066680028271576	0.260513397604484	4.791595154007293E-4	7.92653482580496E-4
23	23	0.11610564569407086	5.01814235903712E-4	0.0012040764367843796	0.07599668005127136	0.010544571100772969	7.240323993184447E-4	0.11017267072428444	0.0015446365865564183	0.019358276794557327	0.36428308663923753	4.7707942300236154E-4	0.02915136077532713	0.07012635104425038	4.348861973653139E-4	0.19937483189729735
24	24	0.024482109309326927	4.33691540074929E-4	0.00902607945701877	0.20941819287617428	0.14087320237288886	0.04454577179417828	0.07126004102116607	0.1450732239978234	0.04867217534993833	0.27091060283230595	4.1231454768782933E-4	0.029186711342299162	7.155529792235594E-4	0.0043685790651022734	6.217515147913545E-4
25	25	2.230004944772756E-4	0.01881365450957335	0.13762369673362992	0.2531095923749623	4.783213646397213E-4	2.654233241126874E-4	0.1030517599644691	5.662489382185235E-4	3.2212409399870614E-4	0.20128702370707743	0.20340792069859726	0.08012456011679099	3.035183164209908E-4	1.594251033849934E-4	2.6373025964680297E-4
26	26	8.155314678010957E-4	6.727581351277902E-4	0.044969924861548015	0.4363431672717756	0.0017492612538803401	9.706753054950015E-4	0.11673484296057644	0.22504287636528397	0.050727380680390594	0.06720731847396133	6.395973648473705E-4	0.0019198134943543225	0.0011099918799532165	0.05013237685792831	9.644836270766143E-4
27	27	0.004953582842680283	4.75455586182045E-4	0.0011408302656625978	0.16830378888306716	0.07564908420239413	0.05321270912613859	0.126271791280899	0.0014635019119711315	8.325476581770538E-4	0.32326236716813356	4.520200115695875E-4	0.0013567818843915594	7.844599899787468E-4	0.1273515868227549	0.11448949236599966
28	28	0.015572862094219599	0.012846554761838653	0.030824621495110654	0.17147740106794468	0.03340276292083453	0.018535388599407066	0.3367685494340417	0.03954303620063915	0.022494990895988647	0.21891494960507782	0.01221333811367245	0.03665951833203013	0.021195687909900382	0.011133182261280586	0.01841715630801397
29	29	0.023291561755824756	8.078549438343119E-4	0.0019384047574076964	0.19671887360698123	0.18803605699870082	0.0011655969708237956	0.32611193568543556	0.039673767013164524	0.008852017398117142	0.16995229728601635	0.01564287722296252	0.024617595062533033	0.0013328897578708844	7.001096011438889E-4	0.0011581619391835224
30	30	0.09009517562247414	9.658983899677301E-4	0.0023176215588895186	0.27966581135376223	0.0025114651767607576	0.001393626722300377	0.043105592974436543	0.002973136043765749	0.0016913387201149014	0.32769466155433685	9.182885091628505E-4	0.06500333736994042	0.001593647573686215	8.370744546492807E-4	0.1792333239757524
31	31	4.8327871601241864E-4	3.986721549912839E-4	0.030319217046357698	0.24756317749683746	0.14050906746582834	0.007915872088878784	0.03614336647509688	0.15905126129126568	0.10713760972860366	0.26738696580634724	3.790212952564482E-4	0.0011376691607455655	6.57774067228066E-4	3.455003965109951E-4	5.71546810039548E-4
32	32	0.015572862094219599	0.012846554761838653	0.030824621495110654	0.17147740106794468	0.03340276292083453	0.018535388599407066	0.2184982617047336	0.03954303620063915	0.022494990895988647	0.33718523733438593	0.01221333811367245	0.03665951833203013	0.021195687909900382	0.011133182261280586	0.01841715630801397
33	33	3.5257723122304404E-4	2.908522968533528E-4	0.07835110586872526	0.1993542343791459	0.030210925084832873	0.005775044857843351	0.13079868024529195	8.952737225451313E-4	5.092976203416843E-4	0.21381673016664735	0.31088940127616177	0.027606962336523804	4.7988076385228694E-4	2.5206070359030724E-4	4.169734464220202E-4
34	34	9.441870585218019E-4	7.788902694529082E-4	0.00186890556940843	0.3976178277225915	0.1741234875145481	0.0011238058832312363	0.041930656509194	0.07410511740679226	0.0013638776967942196	0.178200382975354	7.404981639541379E-4	0.11695485602247725	0.0012851005871568951	0.007845769194750647	0.0011166374257725283
35	35	0.015572862094219599	0.012846554761838653	0.030824621495110654	0.17147740106794468	0.03340276292083453	0.018535388599407066	0.2184982617047336	0.03954303620063915	0.022494990895988647	0.21891494960507782	0.01221333811367245	0.03665951833203013	0.021195687909900382	0.1294034699905887	0.01841715630801397
36	36	8.990585208941215E-4	0.028053766975273068	0.00860760518838118	0.289848872948239	0.029240525966061182	0.014726144595268168	0.1764870546080013	0.002282913919298463	0.0012986895485307885	0.2789315035750307	7.051051780477748E-4	0.0021164415461252823	0.0012236776840579484	0.16451537332799282	0.001063266418798185
37	37	0.013188473804799861	4.574349232795624E-4	0.013731552281540533	0.20824928403736248	0.0011893920648208464	6.600006164386703E-4	0.13411981401496453	0.0014080324309528297	0.14398589104336693	0.42892708937936924	4.3488760111862906E-4	0.0013053572935750918	7.547274777300018E-4	0.029875669659666013	0.021712393371014722
38	38	0.015572862094219599	0.012846554761838653	0.030824621495110654	0.17147740106794468	0.03340276292083453	0.018535388599407066	0.2184982617047336	0.15781332392994726	0.022494990895988647	0.21891494960507782	0.01221333811367245	0.03665951833203013	0.021195687909900382	0.011133182261280586	0.01841715630801397
39	39	0.015572862094219599	0.012846554761838653	0.030824621495110654	0.17147740106794468	0.03340276292083453	0.018535388599407066	0.10022797397542552	0.03954303620063915	0.022494990895988647	0.33718523733438593	0.01221333811367245	0.15492980606133822	0.021195687909900382	0.011133182261280586	0.01841715630801397
40	40	0.015572862094219599	0.012846554761838653	0.030824621495110654	0.17147740106794468	0.03340276292083453	0.018535388599407066	0.2184982617047336	0.15781332392994726	0.022494990895988647	0.21891494960507782	0.01221333811367245	0.03665951833203013	0.021195687909900382	0.011133182261280586	0.01841715630801397
41	41	3.116822819780025E-4	2.571167380472395E-4	0.05979480919926624	0.17386429543310794	0.09772024693474243	0.002738090476092073	0.08012079800724563	7.914321519567535E-4	4.5022488821361956E-4	0.2837010151597289	0.22748746915935986	0.029139098363579908	0.024095368584287992	2.2282452845716563E-4	0.01930552809393635
42	42	5.47593891289293E-4	4.5172781144112184E-4	0.026036568902264016	0.1515869729592654	0.07603256930117315	6.517662269337108E-4	0.14908160491595582	0.022184358814987298	0.09228413034799854	0.35703519175409165	0.00458824049122067	0.06782953032081673	7.453112440675867E-4	0.02118537337637686	0.02975905964211812
43	43	0.0011813876153939375	9.745646371420428E-4	0.0023384157557682643	0.27320281877425817	0.09225613979415592	0.0014061306396581708	0.13321448679850423	0.020944239899776652	0.001706513773263599	0.2588570952529878	9.265275902922873E-4	0.011753276502987091	0.0016079461209513887	0.19823329553684776	0.0013971613080127504
44	44	0.00221463864662537	0.001826926641963742	0.004383612827086564	0.24303803667660873	0.004750253949529512	0.00263594371247293	0.014253561310436988	0.005623470858792709	0.003199044330600865	0.350700502180031	0.0017368760107932535	0.3584204689737789	0.0030142686233957717	0.0015832655260530385	0.0026191297318305783
45	45	0.20098435213005011	4.4433622730088746E-4	0.0174290768209666	0.08365490491096247	0.02569970739135385	6.411014310452877E-4	0.25709187677508366	0.04636573171014975	7.780560292774427E-4	0.28165066285330786	4.2243455002426226E-4	0.074901099324654	7.33115778940892E-4	3.850741537743277E-4	0.008818469913108593
46	46	0.03945330002914502	4.692929823470593E-4	0.022728495244201098	0.014905161469763336	0.10059150296495752	0.004997600137666823	0.15055806528915527	0.023046984591294367	0.005142246979183504	0.3536363342487985	0.13870185279635017	0.07910802253658594	7.742922344971972E-4	4.067023729918666E-4	0.06548014612306231
47	47	5.386336585570413E-4	0.053623812556472514	0.08288073999533167	0.34955228655682063	0.0052460626493647635	0.004731830379443106	0.015738868819612412	0.0013677132777737578	0.03350388761645998	0.2611970181113188	4.2243455002426226E-4	0.02581235194388019	7.33115778940892E-4	0.16401423208968705	6.370120163129578E-4
48	48	8.929613573754144E-4	7.366325411683359E-4	0.0017675104090900736	0.09121330711323868	0.0019153432642898065	0.0010628351848919876	0.03965576059759938	0.002267431835383333	0.0012898821991164777	0.6229076088887164	7.003233518723565E-4	0.09704617413665258	0.13684978719463858	6.383862827393256E-4	0.0010560556432271852
49	49	8.580471424749677E-4	7.078306824623708E-4	0.0016984018886014283	0.2049449964592443	0.008357014074447035	0.05967031451461502	0.07720460285820024	0.0021787767085754152	0.0012394486345235138	0.15542627589441416	0.37863339217233694	0.04763581462687174	0.007684418005224955	0.0201631042902493	0.033597562047758635
50	50	0.15841655425111667	5.041433243405023E-4	0.01977500862822523	0.14132810901076814	0.3633350416936834	7.273928768985143E-4	0.2174347451903057	0.0015518057638244029	8.827813917083186E-4	0.05036300445335801	4.792937088636312E-4	0.04321066978429568	8.317922402295195E-4	4.369046502929779E-4	7.22753032089354E-4
51	51	0.06851269875405684	4.6132045994059205E-4	0.0011069137857770575	0.16754726910613832	0.052164602320902746	6.656067834822551E-4	0.28390728221067635	0.03539673074519854	8.077963110641547E-4	0.33488735283555654	4.3858161666396377E-4	0.05228155257971219	7.611382722158748E-4	3.9979316296016165E-4	6.613610556543307E-4
52	52	4.8685253304347586E-4	0.06325860895498761	0.012056076231425248	0.1310748548547357	0.0010442665991818717	0.044949108688756886	0.0955701632190042	0.004933699151668733	7.032582214008764E-4	0.40986813330017896	3.8182413493309986E-4	0.16753222856473204	6.626382668837922E-4	3.48055351158028E-4	0.06713023192790954
53	53	0.0022525247252984113	0.0018581800866703001	0.004458603797144915	0.26430283169085317	0.004831517091542784	0.002681037105483402	0.01449739862719342	0.14257659461370623	0.03746800134844864	0.5106640137955503	0.0017665889489696467	0.005302587986769581	0.003065834064277816	0.0016103506319558732	0.002663935486135569
54	54	6.601572565511275E-4	0.020599212856469783	0.01634767341140283	0.10252866980316654	0.0014159938101057778	0.005799400227098203	0.024303443821373623	0.02674457419378117	0.3468959281624166	0.45048195083521764	5.177419368175157E-4	0.001554052614229585	8.98517375717822E-4	4.719524910593503E-4	7.807312045924258E-4
55	55	0.07160693987631493	6.987241277568265E-4	0.07886920416794369	0.17014468305653435	0.02754766063587903	0.0010081398064971086	0.06334588934373789	0.00858346686373179	0.0012235025798035693	0.34640828055799433	6.642834735601595E-4	0.1885428225884081	0.020450996731599804	0.019903697038201405	0.0010017091520369934
56	56	4.5177371860279385E-4	3.7268266943329135E-4	0.045497998346775384	0.13535485400923863	0.1553666770901779	5.377175616555535E-4	0.12642576742515443	0.0011471561490189182	6.525868928608183E-4	0.25681809534079475	0.038095961176011946	0.12801268509939567	6.148936969623784E-4	3.22977184260068E-4	0.11032817363965755
57	57	8.524918287494637E-4	7.032479255123578E-4	0.0016874058082509311	0.08707946692766058	0.0018285387923801554	0.1952457335793645	0.05080727621876472	0.002164670504434877	0.001231423986843242	0.4716640644653713	0.007142953179944515	0.1314941983622714	0.027057772918739908	6.094542447173579E-4	0.02043130125699463
58	58	0.020407831560340615	5.36515241314821E-4	0.0012873396444791508	0.4615829729915787	0.001395011482945514	0.060046469759836754	0.11285186773209323	0.10537809692148752	0.0849086567594011	0.14744481902357576	5.100699889422053E-4	0.001531024518948863	8.852030621933268E-4	4.6495905542366135E-4	7.691622574387928E-4
59	59	6.471783358377201E-4	5.338782223661319E-4	0.02585644596120861	0.2577956962788421	0.08985971621039063	0.020430642228108784	0.004165282721271847	0.021303679845225878	0.07466114986530646	0.36298393153280056	5.075629507028033E-4	0.0015234994006363214	0.05494680635840222	0.0299531941846314	0.0548313359042685
60	60	0.12795459726059202	0.050111554751108255	8.107773944083448E-4	0.23782435351826178	0.02887626979354873	4.875347480051661E-4	0.0555207940871772	0.03214863018596583	0.016145950366018298	0.23596124601083796	0.0034320996996088293	0.19694801054233077	0.013000921603018615	2.9283514500595085E-4	4.8442489411236716E-4
61	61	0.015572862094219599	0.012846554761838653	0.030824621495110654	0.17147740106794468	0.03340276292083453	0.018535388599407066	0.10022797397542552	0.03954303620063915	0.022494990895988647	0.33718523733438593	0.01221333811367245	0.03665951833203013	0.021195687909900382	0.1294034699905887	0.01841715630801397
62	62	0.0015230060179176567	0.0012563766437674521	0.0030146086026481365	0.2596706147079238	0.003266747540414607	0.08277951864275233	0.056068899991269044	0.015433941468094844	0.002199981371459674	0.4725102411677391	0.0011944488645340677	0.04985198624035623	0.04833964338067703	0.001088811002108482	0.0018011743583375669
63	63	0.015572862094219599	0.012846554761838653	0.030824621495110654	0.17147740106794468	0.03340276292083453	0.018535388599407066	0.10022797397542552	0.03954303620063915	0.022494990895988647	0.21891494960507782	0.01221333811367245	0.15492980606133822	0.021195687909900382	0.011133182261280586	0.13668744403732208
64	64	9.308374326541273E-4	7.678777337532055E-4	0.03718935947529413	0.17991474082014794	0.051482214005020344	0.02231604340949995	0.02719905823222267	0.10133486590953023	0.06496897438343549	0.4513864996981169	7.300284446805396E-4	0.023399377885033983	0.022475057607743595	6.654642371236012E-4	0.015239600725743319
65	65	7.177327059646266E-4	5.920807912990945E-4	0.3230250530534358	0.3295075544377978	0.05059778565270172	0.017207037083859858	0.13544149879101228	0.06723354819465294	0.001036764506661912	0.053696876224436745	5.628966698703897E-4	0.007140510733749713	9.76881343089867E-4	0.011414957330850047	8.488224806171558E-4
66	66	0.012604572938149376	4.3718264450247395E-4	0.02922308872610613	0.20707908468596442	0.06955952910632125	0.016730261366688662	0.03158496253096575	0.03756952680976093	7.655297307555983E-4	0.3817628619484679	0.004440503906912164	0.0012475644612665018	7.213129951405835E-4	0.13319959568300097	0.07307442246599724
67	67	0.001111574617060615	9.169736496439852E-4	0.010642238762798576	0.2908261912404295	0.09524635883528139	0.0013230366620984384	0.05780622502775289	0.0028225405873500233	0.2886339920456536	0.24356017684620432	8.717753072363287E-4	0.0026167180961988138	0.0015129260459147804	7.946749116427698E-4	0.0013145973647339377
68	68	0.02183031083800161	7.571722635348408E-4	0.09243741450848103	0.19134806924309644	0.0856185524934211	0.0010924705029087703	0.061673943587535376	0.10689290924443123	0.022238299129841894	0.17323157398666425	0.06345720305546139	0.16946030792601335	0.0012492677834208962	0.007627003511719236	0.0010855019254686186
69	69	6.736674057042582E-4	5.557299079825455E-4	0.001333444210113101	0.17113832594148326	0.006561233890632005	8.018235232505978E-4	0.2550325914784584	0.001710594651759105	9.731122042021137E-4	0.2959807106135725	0.23076011409157562	0.027167164878358442	9.169055758658381E-4	0.005597872721806652	7.967089052355302E-4
70	70	7.770301329568366E-4	0.0065422615918234615	0.0015380383897177431	0.17379151363137257	0.0016666784279259633	0.012727378504152325	0.16433515754763073	0.001973056108157838	0.16635782409609345	0.3059862954879679	6.094018993359154E-4	0.025434236661434344	0.06007023349506495	0.030061828214752055	0.048129065811613976
71	71	0.25870062616638073	6.226257498162832E-4	0.06454739117271659	0.09429284088614472	0.018815301419403234	8.983428194401181E-4	0.027786206526217234	0.03630928919718887	0.029750902133021683	0.3602699627823618	5.919360436911985E-4	0.099222969547406	0.0010272778439380465	5.395848211274864E-4	0.006624742891146038
72	72	0.04235740181557645	2.685595410622216E-4	6.443942641130959E-4	0.32994970591779355	6.982907749614885E-4	3.874856370404981E-4	0.19989221715934166	0.015661424292152695	0.02519487850014814	0.20484585142773554	0.017562553697744353	0.14416915048426324	0.007860484672449866	0.002705202846740329	0.007802398968876941
73	73	0.0010841182084065403	8.943239751522991E-4	0.035079834386779724	0.22600823374630793	0.05172628982809162	0.0012903570428435876	0.1881141916978735	0.09332119000458397	0.018032984072604456	0.13050878411651687	0.1325860492949485	0.002552083945437319	0.0014755560707979734	7.750460727089507E-4	0.11655095753694679
74	74	5.074933900312224E-4	4.186476183287587E-4	0.4596578695846818	0.25996732740769585	0.0010885398771620619	0.11237670154268986	0.022537410173149763	0.08608169680670959	7.330739281871779E-4	0.026405219137900234	3.980121525127894E-4	0.02817428070695463	6.907318286361662E-4	3.6281168955512377E-4	6.001841558051314E-4
75	75	0.0011920832414871007	0.010036831358598926	0.002359586470822459	0.2032486966290543	0.0025569399931996894	0.001418860964036008	0.2340084157462689	0.0030269702824759995	0.22805805248746933	0.24309375624276078	9.349158555336334E-4	0.03902001479496928	0.0016225035703977446	8.522312673031561E-4	0.028570141095622736
76	76	9.441870585218019E-4	0.007949651456833642	0.00186890556940843	0.19683651447593098	0.03070826376693339	0.0011238058832312363	0.013247611759671063	0.01673902790774639	0.0013638776967942196	0.4004939797841568	7.404981639541379E-4	0.1456379007720002	0.18055413027167527	6.750080073699129E-4	0.0011166374257725283
77	77	0.03086753095048423	0.0010706232473256631	0.18984366410162548	0.07343020961868142	0.042210029272775465	0.0015447268392681534	0.2941933564953255	0.249709649090339	0.001874717435772456	0.07738362305921427	0.0010178513970756477	0.032624878721547915	0.0017664343974003334	9.278319336673835E-4	0.0015348734394970294
78	78	0.02103812735010055	3.7268266943329135E-4	0.09696388242551977	0.23142450428956152	0.02155537848544251	5.377175616555535E-4	0.07839094228499299	0.19328645670966463	0.062411647787354085	0.25681809534079475	3.543128515993926E-4	0.001063504371826167	0.024632306267043092	3.22977184260068E-4	0.010827464420751734
79	79	0.1338431498235277	0.012846554761838653	0.030824621495110654	0.17147740106794468	0.15167305065014264	0.018535388599407066	0.10022797397542552	0.03954303620063915	0.022494990895988647	0.21891494960507782	0.01221333811367245	0.03665951833203013	0.021195687909900382	0.011133182261280586	0.01841715630801397
80	80	4.564722683726394E-4	3.765586542429141E-4	0.004370275098098064	0.23036462921154743	9.791029335607122E-4	5.433099470058398E-4	0.06187251230122935	0.0011590868347538463	0.02839331582166226	0.3322906595641525	0.08702656614921471	0.2506800419457259	6.212887317317253E-4	3.263362206809199E-4	5.398443180212272E-4
81	81	0.011494267619584591	5.856956291402618E-4	0.006797482926644837	0.13183710177906197	0.06622853792161569	8.450589506952904E-4	0.23643147423828068	0.3307232240569062	0.001025583752966063	0.18252909602422368	0.005948963807606029	0.023239918212250302	9.663463859062685E-4	5.075801496774745E-4	8.396685454406551E-4
82	82	5.47593891289293E-4	4.5172781144112184E-4	0.001083896738435293	0.1432694155713225	0.02196844627954425	0.2959250534989069	0.04927091626064091	0.09704237530647346	7.90999080626543E-4	0.2988122900384913	4.2946179724921555E-4	0.07198830901478818	7.453112440675867E-4	3.9147990651959075E-4	0.017282723560203758
83	83	0.015572862094219599	0.012846554761838653	0.030824621495110654	0.17147740106794468	0.15167305065014264	0.018535388599407066	0.10022797397542552	0.03954303620063915	0.022494990895988647	0.21891494960507782	0.01221333811367245	0.15492980606133822	0.021195687909900382	0.011133182261280586	0.01841715630801397
84	84	0.024673295196390863	6.486528902976949E-4	0.06724561561694596	0.02657353742447808	0.17486722281155198	0.006907641698874547	0.208100116304779	0.013940113593613123	0.21611868670810397	0.23200814047100102	6.166802862312924E-4	0.001851025661263696	0.018985458799037902	5.621406661841139E-4	0.006901671871246795
85	85	0.07759208952473103	4.186476183287587E-4	0.0010045225832179903	0.20215388030667095	0.1012985148522718	6.040371473751598E-4	0.17670660244254938	0.06681054777303463	7.330739281871779E-4	0.3347436036766994	3.980121525127894E-4	0.00890313167327968	6.907318286361662E-4	3.6281168955512377E-4	0.02757979280295006
86	86	5.521867361561326E-4	4.5551659687680514E-4	0.18980767418989716	0.1654393604156616	0.08925125784213557	6.572327984520742E-4	0.12097638205851302	0.0014021276220919975	0.059508869231148565	0.2761565659600929	0.004626723529697071	0.026461841264409557	0.004945222106707706	0.059105999162122606	6.530404860372068E-4
87	87	0.20008920746731781	0.0024340929325763747	5.722376462479015E-4	0.15468014389232726	0.029162971636204522	3.4409658999697023E-4	0.24118167121256553	0.016103328034008574	4.1760385102312855E-4	0.2455806179009258	2.2673212244005267E-4	0.10606962646477323	0.002589088779049786	2.06679780754311E-4	3.4190168978877095E-4
88	88	0.013982282518914185	0.007271777151168214	0.0017095422222106157	0.1275776498023462	0.10680138415240074	0.007587281484027785	0.005558671771031964	0.08746401466724549	0.09307782884755063	0.464733032865513	6.773551844835802E-4	0.00859245084267365	0.007734822435851882	0.06621048535922669	0.0010214206953553845
89	89	7.462052513234392E-4	6.155687096372843E-4	0.0014770242162644412	0.3085761966156826	0.1432795749476936	8.88160713458837E-4	0.004802626521539199	0.09823651415236515	0.0010778930830762535	0.3221835840120728	5.852268504961548E-4	0.10943266565794901	0.006682794901365848	5.334689934994158E-4	8.82495373575921E-4
90	90	0.1573823557092318	5.673405590777166E-4	0.08493176394931616	0.12770546903399657	0.0014751614375661895	0.006041729501196612	0.17679042866058783	0.001746333447497024	9.93443062982884E-4	0.3230571368430542	5.393759028840499E-4	0.10608206481373586	9.360621311918643E-4	4.91673134589513E-4	0.011259661813091735
91	91	5.453260011345062E-4	4.4985695591751723E-4	0.3365453533052421	0.287630478355203	0.038443682288610385	6.49066901333483E-4	0.10704862642942765	0.05108336526172067	0.03392016218460877	0.1236294374213945	4.276831576454293E-4	0.001283732458078056	0.009025334264166709	3.8985857100085026E-4	0.008928036444516394
92	92	0.0010016476683084978	8.262913743883605E-4	0.024804103556093072	0.07949382411952029	0.0630056990893669	0.001192197597298404	0.15098259414080376	0.13947218049472565	0.01666118722931281	0.1662237032507576	0.2822502555161069	0.04800086613118307	0.024184769819264873	7.160871255004884E-4	0.001184592887369288
93	93	0.01929897035253372	0.03719716202516886	0.002359586470822459	0.022179825518588075	0.0025569399931996894	0.001418860964036008	0.3788635126346419	0.06640107517113918	0.001721963599386564	0.4603764015753202	9.349158555336334E-4	0.002806240572876033	0.0016225035703977446	8.522312673031561E-4	0.0014098104290528048
94	94	0.0015590726154938214	0.0012861291400030272	0.003085998127076945	0.1474139654849911	0.027025299784719785	0.0018556651056197576	0.010034294825580943	0.015799435595757545	0.073295654860222	0.43633746326313155	0.0012227348371537676	0.13391671187928164	0.025803191976297685	0.001114595344249979	0.12024978716042042
95	95	0.08637395430793865	7.733447985867396E-4	0.04457384430100683	0.15983655874723812	0.002010800050453078	0.0011158047140947096	0.14842773448234817	0.037978973322054244	0.001354167286574431	0.2766075528942538	0.007854933499070283	0.0022068522141817496	0.008395658512334878	6.702021478206216E-4	0.2218196187220437
96	96	0.05110619600678134	1.9732814501991064E-4	4.734783366696588E-4	0.10436794188662474	0.01867986200039496	2.847108751997186E-4	0.09782348788270537	0.10960809099420551	0.05302920087327067	0.3612482331030669	1.8760168770160017E-4	0.18041425036427547	0.01849235651642022	1.7101006803108386E-4	0.003916251259632855
97	97	0.058773997476929164	4.218998160214908E-4	0.004896496838076778	0.14546171899180033	0.01274950836771113	6.08729514251293E-4	0.1741951489060188	0.28484311862629974	0.05900133040175495	0.19751385823353362	0.00428527482718576	0.020624806582058074	6.96097669407827E-4	0.03532316715762443	6.048465913267184E-4
98	98	0.030105690720706284	0.018237168131939426	0.0015290152662893917	0.06717235179190943	0.0016569006192112493	9.194238488733797E-4	0.22790414383258273	0.25422716555305985	0.04804898540675816	0.29245789521696197	0.006472470584800415	0.013551735395156467	0.024517959854262084	0.012285534687686287	9.135590898028718E-4
99	99	0.008939506134525987	0.12626530757242466	0.24432525027930121	0.28705549169202454	0.001184404159252077	6.572327984520742E-4	0.1042017432617733	0.0014021276220919975	7.976334425595747E-4	0.09163553919595609	4.3306383051214264E-4	0.0012998830692999889	7.51562407522778E-4	0.1303982140482664	6.530404860372068E-4
100	100	6.055122992142174E-4	0.005098154743949864	0.0011985393128756002	0.41594716301954576	0.0058974321529561245	7.207028290465576E-4	0.24302682245292956	0.0015375333463363554	0.005473310364802582	0.10508357907830371	0.04186271907908163	0.17157539735345134	8.241420004942215E-4	4.328863087473949E-4	7.161056582651267E-4
101	101	0.0013651082709869133	0.001126121714362429	0.023437081734066938	0.32605680494071454	0.06513310589587927	0.001624801666509275	0.15393101753760632	0.17971392957162413	0.022706911033502666	0.20580507634375447	0.011438120737788555	0.0032135526136859785	0.0018580019973208604	9.759284513872484E-4	0.001614437490810425
102	102	6.316551368978868E-4	0.024507040769433046	0.0012502859392524138	0.22282905516333396	0.02054363314825167	0.10629007877383063	0.14798118318122733	0.01599549683272151	0.02489839363766587	0.26313073161246603	4.953885619417059E-4	0.011081344045800086	0.1543699201710755	4.5157606371975796E-4	0.005544216962382573
103	103	0.009473607832964262	9.092973527507742E-4	0.0021818103954462215	0.4055903268920126	0.0023642948994154634	0.04316865399116057	0.09917900246273709	0.08651229797826554	0.00159222733651802	0.2415212521403959	8.6447738097082E-4	0.061194182746724564	0.043356953746651584	7.880224188936876E-4	0.001303592425092926
104	104	8.105114289062284E-4	6.686169435999072E-4	0.03238202486387125	0.2489909527346699	0.12484935058396918	0.03174241451773229	0.0790830195379382	0.002058072728080424	0.04425958326585352	0.30070424921243316	6.356602958618589E-4	0.038841253094934906	0.001103159277373973	5.794420709738006E-4	0.09329168944380142
105	105	4.6782507257221506E-4	3.8592394753119254E-4	9.260038842387151E-4	0.15792877816187115	0.2745816203536836	5.568224687413416E-4	0.15934133401748227	0.008293840584925752	6.757730650124646E-4	0.34410793816024027	3.669014568297405E-4	0.04728981189134158	6.36740643734833E-4	0.003887415644803945	5.532706469909978E-4
106	106	0.015572862094219599	0.012846554761838653	0.030824621495110654	0.2897476887972528	0.03340276292083453	0.018535388599407066	0.10022797397542552	0.03954303620063915	0.022494990895988647	0.33718523733438593	0.01221333811367245	0.03665951833203013	0.021195687909900382	0.011133182261280586	0.01841715630801397
107	107	0.019517420614099282	6.769509446935538E-4	0.0016243076083653299	0.21470089677961152	0.05785058272511256	9.767248149600291E-4	0.24210774278507868	0.12672910255276365	0.013649914284713799	0.2795233132803534	6.4358350757764E-4	0.0019317782881833588	0.03851052271764345	5.866645485066018E-4	9.70494548337137E-4
108	108	0.04444649599401836	6.769509446935538E-4	0.0078565764533451	0.10875232641495544	0.0079924319652744	9.767248149600291E-4	0.26703681816499775	0.08933548948288504	0.19438571078912714	0.27329104443537366	6.4358350757764E-4	0.0019317782881833588	0.0011169096477648295	5.866645485066018E-4	9.70494548337137E-4
109	109	0.0011813876153939375	0.08172449172980577	0.029255058119989512	0.23731396228862983	0.0025339985800851123	0.0014061306396581708	0.13321448679850423	0.07477752462821914	0.001706513773263599	0.15119052579610276	9.265275902922873E-4	0.002781062381580009	0.10927451557783636	8.445848658919542E-4	0.1718692296147473
110	110	5.763571955909842E-4	4.75455586182045E-4	0.16747540485505594	0.3784106199433535	0.0012362482018760514	6.860013610670012E-4	0.04748172963329161	0.0014635019119711315	0.11901764012958811	0.2532267568147048	4.520200115695875E-4	0.010111233178570158	7.844599899787468E-4	0.00916649435134384	0.0094360768358565
111	111	6.055122992142174E-4	0.005098154743949864	0.0011985393128756002	0.2595931250638894	0.01509472850328885	0.10189096268270656	0.0038971173442786445	0.0015375333463363554	0.1158408665687953	0.3028254506104573	0.16142757163340707	0.010622711222628603	0.019218734701159673	4.328863087473949E-4	7.161056582651267E-4
112	112	5.68886758462687E-4	4.692929823470593E-4	0.005446533790564504	0.2438911507304482	0.19132180059654963	6.771097742576745E-4	0.17216051710620103	0.023046984591294367	8.217566157743553E-4	0.3190724113415253	4.4616116725742404E-4	0.03158262853908531	0.009415272961315495	4.067023729918666E-4	6.727906719250853E-4
113	113	0.13507866725361325	5.61475216272618E-4	0.0013472297702650166	0.08503196863465648	0.17204203244342903	8.10113023724003E-4	0.12327116230739829	0.0999422281578624	9.83172540228061E-4	0.3662396687063712	5.337996673750508E-4	0.0016022514491644635	9.263848303212256E-4	4.865900651063213E-4	0.01114325593421253
114	114	5.03611322490915E-4	4.1544517596819695E-4	0.4484922257619704	0.08968984536065529	0.02785344139620817	0.01207365726814178	0.1485816580847557	0.04717574640347322	0.004552213183445671	0.18684260236635314	0.004219714460746738	0.005010280323022506	0.02363392947815614	3.6003636378550264E-4	5.955930508267699E-4
115	115	0.001202974301423786	9.923721886718289E-4	0.0023811440238398645	0.07719940732849633	0.002580300599029284	0.0014318239009042941	0.007742422442754645	0.0030546251589357054	0.3215031991087537	0.5559440451634701	9.434573937954013E-4	0.02110419330681072	0.001637327018138394	8.600173861655749E-4	0.0014226906788103839
116	116	4.850590418268004E-4	0.10354791278436418	0.012011663467064216	0.4695061028205747	0.0010404196787154377	0.10740895594837187	0.025224966181516553	0.008599373148319902	0.008068365522973815	0.17995960302875053	3.8041755247570497E-4	0.07481884014882614	0.0043440462069014715	3.4677316780095166E-4	0.004257501301517845
117	117	0.08899224360458421	4.574349232795624E-4	0.005308911192675605	0.07769834715995612	0.157008252208822	6.600006164386703E-4	0.2773047125256683	0.10669104604176442	8.009925326631522E-4	0.23520634433547594	4.3488760111862906E-4	0.04762988328233219	7.547274777300018E-4	3.9642584863876614E-4	6.557906488524014E-4
118	118	7.420002169625285E-4	0.028788223994081933	0.0014687008527256916	0.22794415274334945	0.06921423953268684	8.831557281528752E-4	0.42741742492914453	0.05823635549502064	0.03488316789623637	0.1456760373338302	5.81928965616761E-4	0.0017467162035811558	0.0010099110190960863	5.304627757809437E-4	8.775223137339408E-4
119	119	0.06134666436726693	5.986067080208719E-4	0.07307934939211684	0.5150024503755753	0.018089463287396555	8.6368743659881E-4	0.1038683241529153	0.0073535758085241315	0.006559193620676989	0.15348675744794205	5.691009190953646E-4	0.04579622671197359	9.876485329493368E-4	5.187692503377225E-4	0.01188018198861026
120	120	0.015572862094219599	0.012846554761838653	0.030824621495110654	0.2897476887972528	0.03340276292083453	0.018535388599407066	0.10022797397542552	0.03954303620063915	0.022494990895988647	0.33718523733438593	0.01221333811367245	0.03665951833203013	0.021195687909900382	0.011133182261280586	0.01841715630801397
121	121	0.1295344810686041	5.185848842359863E-4	0.0012443167110566373	0.06421362031478715	0.20186858825478732	0.01507110087898478	0.004045965104640582	0.006370548823270239	0.03432810233715834	0.500588990628025	4.930234330708048E-4	0.015802728921951618	8.556195466281263E-4	4.4942010843987575E-4	0.02461490898435943
122	122	0.0015968888465021569	0.001317324965124682	0.18507779925348544	0.11460618896993324	0.051936407581813865	0.0019006753633914887	0.07091666540195313	0.004054863716353747	0.0023067050775018106	0.21649295258120052	0.34083069669725935	0.0037591789863913212	0.002173470580582876	0.0011416305154152563	0.0018885514630910994
123	123	7.138416111568596E-4	5.888709020552902E-4	0.001412964253984992	0.21929376505332632	0.07743032804313618	8.496403282303828E-4	0.03170118371061825	0.0018126060900504517	0.4076339196987456	0.243153727647723	5.598449985570444E-4	0.007101799380609472	9.715853075458372E-4	0.005931702274667787	8.442206995925524E-4
124	124	5.430768186838288E-4	0.004572474684816696	0.0423196872508015	0.06784707712226769	0.038285122353153296	0.03364217505701341	0.13135394615479473	0.0838684585078815	0.13689208818227314	0.4035837054508232	4.259191899442283E-4	0.034274222952708794	7.391632116357502E-4	0.012761670065299827	0.008891212997902373
125	125	7.138416111568596E-4	0.2445505364279162	0.06646940839421457	0.21387239470830718	0.0015311432128683495	0.02795649205332604	0.05880803543571391	0.0018126060900504517	0.0010311438223107267	0.2973674310979143	5.598449985570444E-4	0.07757961386585817	9.715853075458372E-4	5.103319296486564E-4	0.006265591044611684
126	126	6.503749853043746E-4	5.36515241314821E-4	0.0012873396444791508	0.16522112436603506	0.001395011482945514	0.18846993749757232	0.0041858565693939165	0.0016514499025472706	0.07502992847188299	0.3203225640551428	5.100699889422053E-4	0.1447725846879616	0.005824567205952387	0.08937351364308675	7.691622574387928E-4
