0	0	0.03637447823494335	0.05247465712581991	5.963029218843172E-4	0.0041741204531902205	0.013118664281454978	0.07036374478234944	0.034585569469290395	0.13476446034585568	0.11508646392367322	0.0041741204531902205	0.24925462134764462	0.2796660703637448	5.963029218843172E-4	0.0041741204531902205	5.963029218843172E-4
1	1	4.701457451810061E-4	0.004701457451810062	4.701457451810061E-4	0.003291020216267043	0.4560413728255759	0.08791725434884815	4.701457451810061E-4	0.2529384109073813	0.013164080865068171	0.0230371415138693	0.11612599905970851	0.008932769158439116	4.701457451810061E-4	0.0018805829807240243	0.03008932769158439
2	2	0.0015073212747631353	2.153316106804479E-4	8.613264427217916E-4	0.0034453057708871662	0.19336778639104218	0.08936261843238588	2.153316106804479E-4	0.22889750215331608	8.613264427217916E-4	0.002153316106804479	0.12489233419465978	0.006675279931093885	0.026055124892334195	0.0015073212747631353	0.31998277347114557
3	3	2.916302128900554E-4	2.916302128900554E-4	0.002041411490230388	0.0011665208515602215	0.45523476232137655	0.07028288130650336	0.002041411490230388	0.30825313502478857	0.008165645960921552	0.004666083406240886	0.10352872557596966	0.008165645960921552	0.007290755322251386	2.916302128900554E-4	0.028288130650335377
4	4	0.0019723865877712033	0.007889546351084813	0.02564102564102564	0.0019723865877712033	0.01972386587771203	0.1321499013806706	0.0019723865877712033	0.16765285996055226	0.34516765285996054	0.0019723865877712033	0.16765285996055226	0.0019723865877712033	0.0019723865877712033	0.0019723865877712033	0.12031558185404338
5	5	0.0346745175008178	0.004252535165194635	0.007196597971867844	3.271180896303565E-4	0.012103369316323193	0.0827608766764802	3.271180896303565E-4	0.3496892378148511	0.2957147530258423	3.271180896303565E-4	0.1799149492966961	0.029767746156362445	0.001308472358521426	0.001308472358521426	3.271180896303565E-4
6	6	0.008903475553311453	0.0030968610620213752	1.6830766641420516E-5	0.001531599764369267	0.3996128923672473	0.07600774215265504	0.001077169065050913	0.3193806277875957	0.0016325843642177903	0.0044096608600521755	0.11014053690145587	0.00425818396027939	0.004712614659597745	0.0021879996633846674	0.06303122107211984
7	7	6.626905235255136E-4	6.626905235255136E-4	6.626905235255136E-4	6.626905235255136E-4	0.014579191517561298	0.0026507620941020544	6.626905235255136E-4	0.16368455931080184	0.01855533465871438	6.626905235255136E-4	0.3247183565275017	0.01855533465871438	6.626905235255136E-4	0.40622929092113985	0.046388336646785946
8	8	0.051106025934401215	0.08314263920671244	0.02135774218154081	7.627765064836002E-4	0.055682684973302816	0.060259344012204424	0.007627765064836004	0.31655225019069416	0.003051106025934401	7.627765064836002E-4	0.20442410373760486	0.16094584286803965	0.02593440122044241	0.007627765064836004	7.627765064836002E-4
9	9	5.973715651135006E-4	5.973715651135006E-4	0.05436081242532855	0.025686977299880526	0.048984468339307044	0.14038231780167262	0.01135005973715651	0.3160095579450418	0.09916367980884111	5.973715651135006E-4	0.1027479091995221	0.17980884109916367	0.0023894862604540022	0.004181600955794504	0.013142174432497013
10	10	0.030578065910318745	0.028633171258779035	0.011453268503511617	0.0010804970286331713	0.0315505132360886	0.342085359265262	0.013398163155051324	0.35505132360886005	0.015343057806591032	4.3219881145326847E-4	0.1307401404646137	0.023122636412749864	0.0020529443544030253	0.003997839005942734	0.010480821177741762
11	11	0.04657460059572164	0.03438938532358516	0.005144868670457622	0.005144868670457622	0.04657460059572164	0.1139994584348768	0.0035201733008394256	0.28540481992959654	0.001083130246412131	2.7078256160303275E-4	0.17979962090441376	0.2602220417005145	0.0035201733008394256	0.008394259409694016	0.005957216355266721
12	12	0.022598870056497175	9.03954802259887E-4	0.009717514124293785	2.2598870056497175E-4	0.09785310734463278	0.10734463276836159	2.2598870056497175E-4	0.32497175141242934	0.07954802259887005	2.2598870056497175E-4	0.1310734463276836	0.018531073446327682	0.11141242937853107	0.0022598870056497176	0.09310734463276837
13	13	0.05013256206314774	0.028440588093516513	0.0016871535309713184	0.006025548324897566	0.05013256206314774	0.1267775367558448	9.640877319836104E-4	0.358881658230899	0.028440588093516513	0.0024102193299590266	0.1275006025548325	0.19908411665461556	0.006025548324897566	2.410219329959026E-4	0.013256206314774643
14	14	0.15653775322283608	0.0018416206261510127	0.007366482504604051	0.0018416206261510127	0.040515653775322284	0.01841620626151013	0.04604051565377532	0.20073664825046042	0.1731123388581952	0.029465930018416204	0.18968692449355434	0.12338858195211785	0.0018416206261510127	0.0018416206261510127	0.007366482504604051
15	15	0.041407867494824016	0.025879917184265012	0.0010351966873706003	0.013457556935817804	0.08488612836438923	0.10973084886128365	0.0010351966873706003	0.2960662525879917	0.004140786749482401	0.0010351966873706003	0.08488612836438923	0.3022774327122153	0.0010351966873706003	0.022774327122153208	0.010351966873706004
16	16	0.026412571046472752	0.00735539953192912	3.3433634236041456E-4	3.3433634236041456E-4	0.2641257104647275	0.08458709461718489	0.0013373453694416582	0.15279170845870946	0.0595118689401538	0.003343363423604146	0.04948177866934136	0.0063523905048478765	0.009361417586091608	0.002340354396522902	0.3323303243062521
17	17	0.37869330004161467	0.003662089055347482	0.002913025384935497	4.161464835622139E-5	0.048605909280066584	0.094173949230129	4.161464835622139E-5	0.28056595921764466	0.006034124011652102	0.01764461090303787	0.1303786933000416	0.011776945484810652	0.00628381190178943	5.409904286308781E-4	0.018643362463587183
18	18	0.021154241117272543	0.0020538098172109263	0.0014376668720476485	2.0538098172109262E-4	0.30827685356336004	0.12405011295953995	0.0020538098172109263	0.2472787019921955	0.01252823988498665	0.007599096323680428	0.12466625590470323	2.0538098172109262E-4	8.215239268843705E-4	2.0538098172109262E-4	0.1474635448757445
19	19	0.0318499127399651	4.3630017452006976E-4	0.010907504363001745	4.3630017452006976E-4	0.02268760907504363	0.10776614310645724	0.006980802792321116	0.2949389179755672	0.27399650959860383	0.004363001745200698	0.10122164048865619	0.059336823734729496	4.3630017452006976E-4	4.3630017452006976E-4	0.08420593368237346
20	20	5.274261603375527E-4	0.2726793248945148	0.01160337552742616	0.014767932489451479	0.02267932489451477	0.047995780590717296	0.0036919831223628696	0.2489451476793249	0.047995780590717296	0.005274261603375528	0.20622362869198313	0.044831223628691984	0.008438818565400843	5.274261603375527E-4	0.06381856540084388
21	21	0.039057239057239054	0.22087542087542086	0.032996632996632996	6.734006734006733E-4	0.018855218855218858	0.12592592592592594	0.006734006734006735	0.3239057239057239	0.02693602693602694	0.0026936026936026933	0.16632996632996633	0.018855218855218858	6.734006734006733E-4	0.0026936026936026933	0.012794612794612794
22	22	0.02388888888888889	0.005555555555555556	5.555555555555556E-4	5.555555555555556E-4	0.03722222222222222	0.1272222222222222	5.555555555555556E-4	0.27555555555555555	0.3188888888888889	5.555555555555556E-4	0.09888888888888889	0.012222222222222221	0.005555555555555556	5.555555555555556E-4	0.09222222222222222
23	23	4.655493482309125E-4	4.655493482309125E-4	0.004655493482309125	0.014432029795158287	0.020018621973929236	0.0186219739292365	4.655493482309125E-4	0.2309124767225326	0.031191806331471134	0.25465549348230915	0.2867783985102421	0.12057728119180633	0.014432029795158287	0.00186219739292365	4.655493482309125E-4
24	24	0.017662532882375046	0.004133784291619692	1.8789928598271326E-4	0.0018789928598271328	0.07177752724539646	0.24314167606163095	1.8789928598271326E-4	0.26399849680571214	0.01597143930853063	0.00920706501315295	0.11010898158586997	0.01033446072904923	0.003006388575723412	0.01033446072904923	0.2380683953400977
25	25	0.005931198102016607	0.007710557532621589	0.0023724792408066427	0.007710557532621589	0.41340450771055753	0.06287069988137604	5.931198102016607E-4	0.34223013048635825	0.005931198102016607	0.025504151838671413	0.10201660735468565	0.011269276393831554	0.011269276393831554	5.931198102016607E-4	5.931198102016607E-4
26	26	0.0012300123001230013	0.0012300123001230013	0.0012300123001230013	0.00861008610086101	0.00861008610086101	0.06396063960639606	0.004920049200492005	0.28905289052890526	0.04551045510455105	0.004920049200492005	0.15621156211562118	0.39606396063960636	0.0012300123001230013	0.015990159901599015	0.0012300123001230013
27	27	0.16995741385985288	3.8714672861014324E-4	0.01316298877274487	0.001548586914440573	0.12349980642663569	0.10956252419667054	0.01316298877274487	0.3244289585753	0.12698412698412698	0.001548586914440573	0.09097948122338366	0.023615950445218737	3.8714672861014324E-4	3.8714672861014324E-4	3.8714672861014324E-4
28	28	0.1743762265208859	0.012895991028875807	0.00448556209700028	2.803476310625175E-4	0.06924586487244182	0.08270255116344266	0.00112139052425007	0.33837959069245865	0.011213905242500702	0.04065040650406504	0.17521726941407345	0.07345107933837959	2.803476310625175E-4	2.803476310625175E-4	0.015419119708438463
29	29	0.017445482866043614	6.230529595015575E-4	0.00249221183800623	6.230529595015575E-4	0.024922118380062308	0.09221183800623053	6.230529595015575E-4	0.27165109034267915	0.3763239875389408	6.230529595015575E-4	0.06978193146417445	0.11277258566978193	0.008099688473520248	0.013707165109034268	0.008099688473520248
30	30	0.00560813179109709	0.0027164388363126535	0.0011391517700665966	3.5050823694356814E-4	0.043463021381002456	0.35392569225376797	0.0024535576586049773	0.3675955134945671	0.007974062390466176	0.011917280056081319	0.13363126533473535	0.016912022432527162	0.0014020329477742726	0.00560813179109709	0.04530318962495619
31	31	0.043010752688172046	0.0015360983102918587	0.002688172043010753	0.002688172043010753	0.2619047619047619	0.04646697388632873	3.8402457757296467E-4	0.25729646697388636	0.08218125960061444	0.04992319508448541	0.18010752688172044	0.06720430107526881	0.002688172043010753	3.8402457757296467E-4	0.0015360983102918587
32	32	4.8520135856380397E-4	0.020863658418243572	0.0121300339640951	0.015041242115477924	0.026686074721009218	0.09073265405143134	4.8520135856380397E-4	0.30470645317806894	0.2799611838913149	0.00485201358563804	0.16205725376031052	0.058709364386220285	0.0019408054342552159	0.0077632217370208634	0.013585638039786511
33	33	0.031746031746031744	0.012698412698412698	0.0031746031746031746	0.0031746031746031746	0.2126984126984127	0.04126984126984127	0.0031746031746031746	0.27936507936507937	0.20317460317460317	0.0031746031746031746	0.15555555555555556	0.0031746031746031746	0.031746031746031744	0.0031746031746031746	0.012698412698412698
34	34	4.268032437046521E-4	4.268032437046521E-4	4.268032437046521E-4	0.009389671361502348	0.02603499786598378	0.2078531796841656	4.268032437046521E-4	0.3192488262910798	0.14255228339735382	4.268032437046521E-4	0.11822449850618864	0.02219376867264191	0.10926163038839094	4.268032437046521E-4	0.04268032437046522
35	35	0.0013386880856760374	0.013386880856760375	0.04953145917001339	0.0013386880856760374	0.0013386880856760374	0.42704149933065594	0.0013386880856760374	0.09772423025435073	0.29049531459170014	0.0013386880856760374	0.06157965194109773	0.009370816599732263	0.0013386880856760374	0.03346720214190094	0.009370816599732263
36	36	0.0027065527065527066	0.028774928774928772	1.4245014245014244E-4	0.002279202279202279	0.03732193732193732	0.4561253561253561	5.698005698005698E-4	0.30142450142450145	0.0031339031339031338	0.01339031339031339	0.10868945868945869	0.0027065527065527066	0.0035612535612535613	0.004843304843304843	0.03433048433048433
37	37	0.0662568306010929	6.830601092896175E-4	0.00273224043715847	0.09494535519125684	0.04371584699453552	0.023224043715846996	0.0068306010928961755	0.3818306010928962	0.00273224043715847	0.01092896174863388	0.15846994535519124	0.18510928961748632	6.830601092896175E-4	0.021174863387978145	6.830601092896175E-4
38	38	0.037214247740563526	5.316321105794789E-4	5.316321105794789E-4	0.0037214247740563534	0.0021265284423179157	0.07549175970228603	5.316321105794789E-4	0.2748538011695907	0.44710260499734183	0.014885699096225414	0.09144072301967039	0.008506113769271663	0.01648059542796385	0.0101010101010101	0.01648059542796385
39	39	0.023333333333333334	0.30333333333333334	0.003333333333333333	0.003333333333333333	0.09333333333333334	0.12333333333333334	0.013333333333333332	0.22333333333333333	0.05333333333333333	0.003333333333333333	0.13333333333333333	0.003333333333333333	0.003333333333333333	0.003333333333333333	0.013333333333333332
40	40	0.039755351681957186	3.058103975535168E-4	3.058103975535168E-4	0.0012232415902140672	0.05993883792048929	0.12782874617737003	0.0021406727828746177	0.22599388379204893	0.299388379204893	0.0012232415902140672	0.11590214067278287	0.014984709480122323	0.009480122324159021	0.00856269113149847	0.09296636085626911
41	41	0.005952380952380952	0.05952380952380953	0.001488095238095238	0.001488095238095238	0.014880952380952382	0.44345238095238093	0.001488095238095238	0.22916666666666669	0.04166666666666667	0.001488095238095238	0.13988095238095238	0.023809523809523808	0.014880952380952382	0.005952380952380952	0.014880952380952382
42	42	0.02829474958390074	0.0010591617491299743	1.5130882130428203E-4	0.0019670146769556664	0.060977454985625665	0.39642911181721896	1.5130882130428203E-4	0.21622030564381903	0.07686488122257527	0.0015130882130428205	0.13769102738689665	0.01785444091390528	0.009229838099561204	0.02148585262520805	0.030110455439552125
43	43	0.045725108225108224	0.07494588744588744	0.3346861471861472	0.0091991341991342	0.015692640692640692	2.7056277056277056E-4	0.05546536796536796	0.17153679653679654	0.012445887445887446	0.035173160173160176	0.20075757575757577	0.02462121212121212	0.002705627705627706	0.016504329004329004	2.7056277056277056E-4
44	44	0.015241882041086813	0.013253810470510273	0.0013253810470510272	0.003313452617627568	0.025182239893969515	0.13949635520212061	0.026176275679257784	0.31146454605699136	0.27070907886017226	0.003313452617627568	0.17229953611663354	3.313452617627568E-4	3.313452617627568E-4	3.313452617627568E-4	0.01722995361166335
45	45	0.021666666666666664	0.03166666666666666	0.011666666666666667	0.0016666666666666666	0.006666666666666666	0.38666666666666666	0.0016666666666666666	0.25666666666666665	0.03166666666666666	0.0016666666666666666	0.14166666666666666	0.07666666666666667	0.0016666666666666666	0.026666666666666665	0.0016666666666666666
46	46	0.0035405602415911697	7.289388732687702E-4	0.006039779235655524	0.005414974487139435	0.04665208788920129	0.16598979485577425	4.165364990107258E-4	0.2453399979173175	0.0016661459960429033	0.004165364990107259	0.12943871706758303	0.0029157554930750807	0.006039779235655524	0.002290950744558992	0.37936061647401853
47	47	0.005743165632896854	0.040202159430277974	0.0029864461291063634	0.009878244888582587	0.042269699058120835	0.09740408913393063	0.11670112566046406	0.3958189754192511	0.018837583275901675	2.297266253158741E-4	0.17872731449575005	0.0195267631518493	0.013324144268320697	0.03744543992648748	0.020905122903744543
48	48	0.11817440912795436	8.149959250203749E-4	8.149959250203749E-4	8.149959250203749E-4	0.0057049714751426246	0.11572942135289324	8.149959250203749E-4	0.17440912795436023	0.22330888345558272	8.149959250203749E-4	0.09861450692746537	0.03015484922575387	0.13528932355338225	0.013039934800325998	0.08149959250203749
49	49	0.006201550387596899	0.0015503875968992248	0.006201550387596899	0.006201550387596899	0.006201550387596899	0.19689922480620156	0.01550387596899225	0.04806201550387597	0.4387596899224806	0.010852713178294573	0.07131782945736434	0.0015503875968992248	0.043410852713178294	0.034108527131782945	0.11317829457364341
50	50	0.02626590847549418	0.044137557541294344	0.008394259409694016	0.0035201733008394256	0.010831302464121312	0.09937720010831302	0.007581911724884918	0.22935282967776874	0.42512862171676147	0.018954779312212292	0.11318711075006771	2.7078256160303275E-4	0.001083130246412131	2.7078256160303275E-4	0.01164365014893041
51	51	0.21021206506073706	0.004529544986617253	0.0026765493102738312	0.0020588840848260242	0.023059501750051472	0.07123738933498044	0.018118179946469012	0.2775375746345481	0.0168828494955734	0.024294832200947088	0.1626518427012559	0.015029853819229977	0.05023677166975499	0.018118179946469012	0.10335598105826642
52	52	0.08539188777066178	0.013113754193351632	0.02409271119243672	0.0030497102775236353	0.008539188777066178	0.05977432143946325	0.0021347971942665446	0.36078072583104603	0.042390972857578535	0.0030497102775236353	0.16956389143031414	0.2098200670936261	3.049710277523635E-4	0.001219884111009454	0.016773406526379993
53	53	0.01646090534979424	0.042915931804820694	0.007642563198118753	0.00411522633744856	0.057025279247501476	0.18224573780129336	0.005878894767783657	0.14168136390358613	0.3974132863021752	0.007642563198118753	0.10640799529688419	5.878894767783657E-4	0.00411522633744856	0.0023515579071134627	0.023515579071134628
54	54	0.01794110368720614	0.0056916604800791885	0.0016085127443702053	1.2373174956693887E-4	0.09218015342736946	0.08661222469685721	1.2373174956693887E-4	0.2777777777777778	0.007176441474882454	0.011259589210591437	0.11370947785201682	1.2373174956693887E-4	0.006805246226181638	8.661222469685722E-4	0.3780004949269983
55	55	0.0032317636195752543	0.006001846722068329	0.006001846722068329	4.616805170821791E-4	0.01569713758079409	0.06832871652816251	4.616805170821791E-4	0.18882733148661127	0.04478301015697138	4.616805170821791E-4	0.31486611265004616	0.055863342566943676	0.16943674976915973	0.007386888273314866	0.11819021237303785
56	56	3.8402457757296467E-4	0.0049923195084485405	0.0038402457757296467	0.0015360983102918587	0.030337941628264208	0.0522273425499232	3.8402457757296467E-4	0.3333333333333333	0.019969278033794162	3.8402457757296467E-4	0.15015360983102918	0.0015360983102918587	3.8402457757296467E-4	0.3817204301075269	0.018817204301075266
57	57	0.008253968253968253	6.349206349206349E-4	0.0025396825396825397	6.349206349206349E-4	0.02158730158730159	0.20444444444444443	0.012063492063492063	0.16634920634920633	0.35873015873015873	0.0025396825396825397	0.10920634920634921	0.0044444444444444444	6.349206349206349E-4	0.05206349206349206	0.05587301587301587
58	58	0.010156971375807941	0.23591874422899356	0.06140350877192983	0.007386888273314866	0.006001846722068329	0.12788550323176362	0.05863342566943675	0.2234533702677747	0.05863342566943675	0.006001846722068329	0.1819021237303786	0.0018467220683287165	4.616805170821791E-4	0.019852262234533704	4.616805170821791E-4
59	59	0.015063168124392614	4.8590864917395527E-4	0.28328474246841595	0.02089407191448008	0.019436345966958212	0.11710398445092322	0.05733722060252673	0.3007774538386783	0.017978620019436346	4.8590864917395527E-4	0.12585034013605442	0.017978620019436346	0.01360544217687075	0.00923226433430515	4.8590864917395527E-4
60	60	0.05168637757336838	0.0030661410424879547	0.005694261936049058	0.08716600963644328	0.09636443276390713	0.11476127901883486	0.20543144984669295	0.20674551029347352	0.03066141042487954	0.0030661410424879547	0.1305300043802015	0.02277704774419623	4.380201489268506E-4	0.02277704774419623	0.018834866403854577
61	61	1.2025012025012024E-4	0.004449254449254449	0.001563251563251563	1.2025012025012024E-4	0.05206830206830207	0.11123136123136122	0.0012025012025012026	0.3045935545935546	0.015993265993265993	0.006253006253006252	0.15416065416065416	0.010221260221260221	4.8100048100048096E-4	0.006253006253006252	0.3312890812890813
62	62	0.006447453255963895	0.3604126370083817	6.447453255963894E-4	0.012250161186331399	0.014184397163120567	0.18439716312056736	0.004513217279174727	0.13023855577047067	0.21727917472598324	0.008381689232753063	0.045132172791747256	6.447453255963894E-4	6.447453255963894E-4	6.447453255963894E-4	0.014184397163120567
63	63	0.0017993702204228519	0.0031488978857399912	0.03553756185335132	4.4984255510571296E-4	4.4984255510571296E-4	0.16509221772379667	0.0017993702204228519	0.2905982905982906	0.009896536212325686	0.0031488978857399912	0.1421502474134053	0.12055780476833108	4.4984255510571296E-4	0.22312190733243367	0.0017993702204228519
64	64	0.0011904761904761904	0.0047619047619047615	0.0011904761904761904	0.011904761904761906	0.008333333333333333	0.17261904761904762	0.06904761904761904	0.22261904761904763	0.39404761904761904	0.011904761904761906	0.09761904761904762	0.0011904761904761904	0.0011904761904761904	0.0011904761904761904	0.0011904761904761904
65	65	0.00595974877366708	0.002934030165497639	0.0025214321734745334	4.584422133590061E-5	0.028102507678907075	0.47480860037592265	0.0016962361894283227	0.26067024251593085	0.016962361894283226	0.012561316646036767	0.13771604089304543	0.013936643286113784	0.004034291477559253	0.00444688946958236	0.03360381423921515
66	66	0.0175312199807877	0.01536983669548511	0.004562920268972142	9.606147934678194E-4	0.01536983669548511	0.06940441882804994	0.001681075888568684	0.24231508165225743	0.18900096061479346	0.028338136407300676	0.20268972142170988	0.011767531219980787	0.03626320845341018	2.4015369836695484E-4	0.16450528338136408
67	67	0.00690846286701209	0.011349617567234148	0.00616827041697508	2.467308166790032E-4	0.06538366641993584	0.09647174932149026	0.00690846286701209	0.31334813718233406	0.05354058721934369	0.00986923266716013	0.15864791512459908	0.08906982482112015	0.00468788551690106	9.869232667160128E-4	0.1764125339254873
68	68	0.012936221419975934	3.008423586040914E-4	0.1410950661853189	0.007521058965102287	0.025571600481347774	0.10499398315282792	0.030084235860409148	0.31528279181708785	3.008423586040914E-4	0.009326113116726835	0.2087845968712395	0.04723225030084236	0.0012033694344163657	0.06167268351383874	0.03369434416365825
69	69	4.1305245766212306E-4	0.007847996695580338	4.1305245766212306E-4	4.1305245766212306E-4	4.1305245766212306E-4	0.10326311441553077	0.0028913672036348617	0.2321354812061132	0.11193721602643535	0.017761255679471295	0.13672036348616273	0.3672036348616274	0.0016522098306484922	0.0028913672036348617	0.014043783560512186
70	70	0.0018115942028985505	0.0018115942028985505	0.0018115942028985505	0.0018115942028985505	0.018115942028985508	0.04528985507246377	0.007246376811594202	0.050724637681159424	0.3061594202898551	0.0018115942028985505	0.012681159420289856	0.03985507246376811	0.0018115942028985505	0.5072463768115941	0.0018115942028985505
71	71	0.03097062579821201	0.05300127713920818	0.031928480204342274	3.192848020434227E-4	0.04246487867177522	0.13825031928480205	3.192848020434227E-4	0.23499361430395915	0.04342273307790549	0.17656449553001277	0.13920817369093233	0.10759897828863346	3.192848020434227E-4	3.192848020434227E-4	3.192848020434227E-4
72	72	0.062392278524646676	0.072733540158566	0.027231988969320924	0.023095484315753187	0.016890727335401583	0.07583591864874181	3.447087211306446E-4	0.22681833850396416	0.035504998276456395	3.447087211306446E-4	0.1699413995174078	0.2816270251637366	3.447087211306446E-4	0.006549465701482247	3.447087211306446E-4
73	73	0.001546341934860346	0.006475306852227698	9.664637092877162E-5	0.0018362810476466609	0.019522566927611867	0.4584903836860926	0.0027060983860056056	0.2694500821494153	0.024741470957765535	0.010824393544022422	0.1700009664637093	0.006475306852227698	3.865854837150865E-4	0.01662317579974872	0.010824393544022422
74	74	0.02511880515953836	0.05159538357094365	0.019008825526137137	6.788866259334691E-4	0.0027155465037338763	0.04752206381534284	0.3591310251188052	0.20434487440597418	0.04344874405974202	6.788866259334691E-4	0.20027155465037338	0.010862186014935505	0.0027155465037338763	6.788866259334691E-4	0.03122878479293958
75	75	0.00899078444594291	0.004944931445268599	0.0035963137783771634	0.001573387278040009	0.011013710946280062	0.149921330636098	0.001573387278040009	0.29692065632726455	0.044729152618565964	0.002922004944931445	0.20386603731175543	0.001573387278040009	2.247696111485727E-4	0.01640818161384581	0.2517419644864014
76	76	0.010068892421833597	0.07366189719130896	0.237413884472708	0.0021197668256491783	5.299417064122946E-4	0.08479067302596714	0.03550609432962374	0.22628510863804982	0.008479067302596713	0.1086380498145204	0.20402755696873345	5.299417064122946E-4	5.299417064122946E-4	5.299417064122946E-4	0.00688924218335983
77	77	0.0627062706270627	0.0429042904290429	0.010726072607260726	0.008250825082508252	8.25082508250825E-4	0.09983498349834984	8.25082508250825E-4	0.09735973597359737	0.5701320132013201	8.25082508250825E-4	0.0528052805280528	0.0132013201320132	0.0033003300330033	0.03547854785478548	8.25082508250825E-4
78	78	0.0998914223669924	0.28718783930510317	0.008686210640608033	0.023344191096634093	5.428881650380021E-4	0.08686210640608034	5.428881650380021E-4	0.23344191096634095	0.08686210640608034	0.008686210640608033	0.08686210640608034	5.428881650380021E-4	0.0722041259500543	0.0038002171552660156	5.428881650380021E-4
79	79	0.36495593571798857	0.01892172109901503	2.592016588906169E-4	2.592016588906169E-4	0.0352514256091239	0.07179885951270087	2.592016588906169E-4	0.27553136340072576	0.040694660445826855	0.06168999481596682	0.09590461378952825	0.008035251425609125	0.0018144116122343185	0.0033696215655780195	0.021254536029030584
80	80	0.06435863293386596	0.1775410563692854	0.045716822015090995	0.015090989791389259	0.029738126941855302	0.04438526409232135	4.438526409232135E-4	0.2587660896582335	0.005770084332001775	4.438526409232135E-4	0.16955170883266754	0.15623612960497113	0.001775410563692854	0.001775410563692854	0.028406569019085663
81	81	0.07087227414330217	7.78816199376947E-4	7.78816199376947E-4	7.78816199376947E-4	0.0381619937694704	0.20171339563862928	7.78816199376947E-4	0.1806853582554517	0.00545171339563863	0.019470404984423678	0.16433021806853582	0.00545171339563863	0.21573208722741433	0.09190031152647976	0.003115264797507788
82	82	0.0107095046854083	0.030789825970548863	0.020749665327978582	0.028781793842034806	0.05689424364123159	0.10107095046854084	0.018741633199464525	0.19946452476572957	6.693440428380187E-4	6.693440428380187E-4	0.19143239625167335	0.2737617135207497	6.693440428380187E-4	0.06091030789825971	0.004685408299866131
83	83	9.31098696461825E-4	9.31098696461825E-4	0.0037243947858473	0.07914338919925512	0.0260707635009311	0.313780260707635	0.07355679702048416	0.18528864059590316	0.10707635009310988	0.0037243947858473	0.15456238361266295	0.006517690875232775	9.31098696461825E-4	0.03165735567970205	0.012104283054003724
84	84	0.021645021645021644	0.05234159779614325	0.005116096025186934	0.0015741833923652105	0.026367571822117276	0.05824478551751279	0.021645021645021644	0.22707595434868164	0.02400629673356946	0.009838646202282567	0.20110192837465565	0.3380558835104289	0.0015741833923652105	0.00747737111373475	0.003935458480913027
85	85	0.0024691358024691358	0.02469135802469136	0.0024691358024691358	0.0024691358024691358	0.0024691358024691358	0.0024691358024691358	0.0024691358024691358	0.046913580246913576	0.0024691358024691358	0.0024691358024691358	0.017283950617283952	0.009876543209876543	0.009876543209876543	0.8691358024691358	0.0024691358024691358
86	86	0.03164091243561443	7.358351729212656E-4	0.0029433406916850625	7.358351729212656E-4	0.0029433406916850625	0.09124356144223694	7.358351729212656E-4	0.2766740250183959	0.042678440029433405	7.358351729212656E-4	0.13318616629874908	0.40029433406916853	7.358351729212656E-4	0.0051508462104488595	0.009565857247976452
87	87	0.005986969536890298	0.007043493572812115	0.30234196161296006	1.7608733932030285E-4	0.015495685860186651	0.1105828490931502	0.0493044550096848	0.26906145448142277	7.043493572812114E-4	7.043493572812114E-4	0.14967423842225744	0.029230498327170278	1.7608733932030285E-4	0.02394787814756119	0.035569642542701174
88	88	5.46448087431694E-4	0.030054644808743168	0.007103825136612021	5.46448087431694E-4	0.008743169398907104	0.126775956284153	0.002185792349726776	0.2546448087431694	0.3038251366120219	0.00546448087431694	0.14153005464480872	0.02185792349726776	0.054644808743169404	0.013661202185792351	0.028415300546448086
89	89	0.0014124293785310734	0.009887005649717515	0.018361581920903952	0.0014124293785310734	0.009887005649717515	0.14548022598870058	0.0014124293785310734	0.14548022598870058	0.4081920903954802	0.005649717514124294	0.22175141242937854	0.026836158192090395	0.0014124293785310734	0.0014124293785310734	0.0014124293785310734
90	90	0.005327573794096472	0.004031677465802736	0.001007919366450684	0.001007919366450684	0.023470122390208785	0.15305975521958243	1.4398848092152627E-4	0.21439884809215262	0.0023038156947444203	0.00964722822174226	0.12282217422606191	0.006623470122390209	5.759539236861051E-4	5.759539236861051E-4	0.45500359971202303
91	91	0.007936507936507936	0.002442002442002442	0.011599511599511598	0.007936507936507936	6.105006105006105E-4	0.2515262515262515	6.105006105006105E-4	0.1398046398046398	0.2533577533577534	0.009768009768009768	0.09584859584859586	0.14163614163614163	6.105006105006105E-4	6.105006105006105E-4	0.07570207570207571
92	92	0.056559233029821264	0.006262947439418028	0.003950474538709833	0.003372356313532784	0.05771546948017536	0.044274220744808974	0.001638001638001638	0.2333188803777039	0.005540299657946717	0.39143421496362674	0.15512839042250806	4.817651876475406E-4	0.007852772558654911	9.153538565303271E-4	0.03155561979091391
93	93	0.024891774891774892	0.031385281385281384	5.411255411255411E-4	0.020021645021645024	5.411255411255411E-4	0.0395021645021645	0.49891774891774887	0.20833333333333334	0.06872294372294373	0.0183982683982684	0.06547619047619048	0.003787878787878788	0.003787878787878788	5.411255411255411E-4	0.015151515151515152
94	94	0.0030097817908201654	0.005831452219714071	0.008088788562829196	7.524454477050414E-4	0.2789691497366441	0.0887885628291949	0.004702784048156509	0.2665537998495109	0.008653122648607976	1.8811136192626034E-4	0.19601203912716328	0.07806621519939805	0.004138449962377728	0.02671181339352897	0.029533483822422876
95	95	0.019972451790633606	0.004476584022038568	0.001377410468319559	0.004476584022038568	0.027203856749311292	0.11398071625344353	3.4435261707988976E-4	0.22245179063360881	0.026170798898071623	0.007575757575757575	0.14084022038567495	3.4435261707988976E-4	3.4435261707988976E-4	0.01790633608815427	0.41253443526170797
96	96	0.04467353951890034	0.002147766323024055	0.0015034364261168386	0.002792096219931271	0.3610395189003437	0.04016323024054983	0.007946735395189003	0.23668384879725085	0.006013745704467354	0.07495704467353952	0.17096219931271475	0.004080756013745704	2.147766323024055E-4	0.028565292096219934	0.018256013745704465
97	97	0.002858030444237341	6.213109661385523E-5	0.0039763901832867345	0.0060267163715439585	0.054488971730351034	0.06455420938179558	6.213109661385523E-5	0.19801180490835663	0.0041627834731283	0.16483379931655795	0.22559801180490835	0.007517862690276484	0.0013668841255048152	0.006772289530910221	0.25970798384591487
98	98	0.003183265120509323	4.5475216007276033E-4	0.11914506593906321	0.012733060482037291	0.016825829922692135	0.08367439745338791	0.3046839472487494	0.22419281491587087	0.023647112323783536	4.5475216007276033E-4	0.16825829922692132	0.03728967712596635	0.004547521600727604	4.5475216007276033E-4	4.5475216007276033E-4
99	99	9.157509157509158E-4	9.157509157509158E-4	0.014652014652014652	0.025641025641025644	0.020146520146520144	0.07234432234432234	9.157509157509158E-4	0.05586080586080586	0.6904761904761905	0.006410256410256411	0.05311355311355311	9.157509157509158E-4	9.157509157509158E-4	0.014652014652014652	0.04212454212454213
100	100	0.008489722966934763	0.17739052725647902	0.016532618409294014	0.011170688114387848	0.04870420017873101	0.0580875781948168	0.021894548704200177	0.256478999106345	0.06478999106344951	0.012511170688114389	0.17470956210902594	0.14655942806076855	0.0017873100983020554	4.4682752457551384E-4	4.4682752457551384E-4
101	101	0.163728946337642	0.0027418723070896985	0.018018018018018018	3.916960438699569E-4	0.008617312965139052	0.0943987465726596	0.010967489228358794	0.18840579710144928	0.11084998041519781	0.039169604386995696	0.16255385820603213	0.041519780650215436	0.0050920485703094395	3.916960438699569E-4	0.15315315315315317
102	102	0.00142602495543672	0.00570409982174688	0.014260249554367202	0.01639928698752228	0.07415329768270944	0.09982174688057041	0.0024955436720142605	0.2698752228163993	3.5650623885918E-4	0.00677361853832442	0.14260249554367202	0.02174688057040998	0.00463458110516934	0.2912655971479501	0.048484848484848485
103	103	0.021125194574160552	0.012119190571492107	4.4474093840338E-4	0.0034467422726261955	0.06382032466088504	0.12019123860351345	0.014787636201912388	0.19790971758950412	0.012786301979097177	0.03446742272626195	0.16155214587502778	7.782966422059151E-4	0.00578163219924394	0.015121191905714922	0.3356682232599511
104	104	0.006606606606606606	0.008768768768768769	0.0012012012012012011	1.2012012012012012E-4	0.017057057057057057	0.3961561561561561	8.408408408408409E-4	0.21561561561561562	0.021381381381381383	0.05273273273273273	0.18354354354354355	1.2012012012012012E-4	8.408408408408409E-4	0.03219219219219219	0.06282282282282282
105	105	0.002530044275774826	0.006325110689437066	0.008222643896268185	0.010120177103099304	6.325110689437065E-4	0.09930423782416192	0.0196078431372549	0.23782416192283365	0.4161922833649589	0.04996837444655281	0.13535736875395318	6.325110689437065E-4	0.004427577482605946	0.008222643896268185	6.325110689437065E-4
106	106	0.0028368794326241132	0.011347517730496453	7.092198581560283E-4	0.009219858156028368	0.011347517730496453	0.11347517730496455	0.02198581560283688	0.1900709219858156	0.08368794326241136	0.007092198581560284	0.17304964539007092	0.3687943262411348	7.092198581560283E-4	0.0028368794326241132	0.0028368794326241132
107	107	4.5014629754670267E-4	1.1253657438667567E-4	0.023407607472428538	4.5014629754670267E-4	0.02138194913346838	0.10409633130767498	0.003151024082826919	0.26716182759396806	1.1253657438667567E-4	0.021044339410308352	0.17431915372496062	0.004501462975467027	4.5014629754670267E-4	0.36911996398829616	0.010240828269187485
108	108	0.03815718157181572	1.0840108401084011E-4	1.0840108401084011E-4	0.001084010840108401	0.4001084010840108	0.06059620596205963	0.0027100271002710027	0.20628726287262875	0.024823848238482382	0.050840108401084015	0.16238482384823846	4.3360433604336043E-4	0.002059620596205962	0.004661246612466125	0.04563685636856369
109	109	0.05659259259259259	1.4814814814814815E-4	1.4814814814814815E-4	5.925925925925926E-4	0.0477037037037037	0.05970370370370371	1.4814814814814815E-4	0.23081481481481483	1.4814814814814815E-4	0.05881481481481482	0.17125925925925925	1.4814814814814815E-4	0.3157037037037037	1.4814814814814815E-4	0.05792592592592593
110	110	0.03369434416365825	0.21419975932611313	0.134777376654633	0.004813477737665463	0.06618531889290012	0.02286401925391095	0.01925391095066185	0.21780986762936222	0.008423586040914562	0.06257521058965101	0.17448856799037304	0.026474127557160047	0.004813477737665463	0.008423586040914562	0.0012033694344163657
111	111	3.8402457757296467E-4	3.8402457757296467E-4	0.09139784946236558	3.8402457757296467E-4	0.032642089093702	0.09024577572964669	3.8402457757296467E-4	0.2273425499231951	0.0049923195084485405	0.0049923195084485405	0.17319508448540707	0.18471582181259602	3.8402457757296467E-4	0.13287250384024576	0.05568356374807988
112	112	0.008281573498964802	0.014492753623188406	0.0020703933747412005	0.008281573498964802	0.03312629399585921	0.014492753623188406	0.0020703933747412005	0.10766045548654243	0.7163561076604554	0.008281573498964802	0.07039337474120083	0.0020703933747412005	0.0020703933747412005	0.008281573498964802	0.0020703933747412005
113	113	0.002032520325203252	0.00508130081300813	0.0584349593495935	5.08130081300813E-4	0.009654471544715446	0.043191056910569105	0.044715447154471545	0.22154471544715448	0.061483739837398375	0.017276422764227643	0.15294715447154472	0.3114837398373984	0.011178861788617886	0.009654471544715446	0.05081300813008131
114	114	0.01611635220125786	7.861635220125786E-4	1.9654088050314464E-4	7.861635220125786E-4	0.11812106918238995	0.08215408805031447	1.9654088050314464E-4	0.21422955974842767	0.020833333333333336	0.10279088050314467	0.1611635220125786	0.0019654088050314465	1.9654088050314464E-4	7.861635220125786E-4	0.27967767295597484
115	115	7.199424046076314E-4	7.199424046076314E-4	0.4715622750179986	7.199424046076314E-4	0.0028797696184305254	0.08279337652987762	0.05687544996400288	0.17566594672426206	0.0028797696184305254	7.199424046076314E-4	0.11519078473722102	0.03743700503959683	0.009359251259899207	0.035277177825773935	0.007199424046076314
116	116	4.975124378109452E-4	0.004975124378109453	0.003482587064676617	0.2512437810945274	0.00945273631840796	0.07661691542288558	4.975124378109452E-4	0.25870646766169153	0.1288557213930348	0.004975124378109453	0.21990049751243781	0.028855721393034824	0.010945273631840795	4.975124378109452E-4	4.975124378109452E-4
117	117	0.03961645218268988	0.0040373454453696694	2.5233409033560434E-4	2.5233409033560434E-4	0.02826141811758769	0.08882159979813273	2.5233409033560434E-4	0.20994196315922278	0.08957860206913953	0.03128942720161494	0.14181175876860966	2.5233409033560434E-4	0.29624022205399947	0.0010093363613424174	0.06838253848094877
118	118	0.007246376811594202	0.0018115942028985505	0.0018115942028985505	0.0018115942028985505	0.02898550724637681	0.38768115942028986	0.007246376811594202	0.17028985507246377	0.19746376811594205	0.007246376811594202	0.034420289855072464	0.0018115942028985505	0.1431159420289855	0.0018115942028985505	0.007246376811594202
119	119	0.036875303250849104	4.8520135856380397E-4	0.041242115477923336	4.8520135856380397E-4	0.01940805434255216	0.0849102377486657	0.11693352741387675	0.21300339640950997	4.8520135856380397E-4	0.06598738476467735	0.23483745754488114	0.06453178068898593	0.003396409509946628	0.013585638039786511	0.10383309073265405
120	120	0.007124975929135375	0.01694588869632197	0.0036587714230695164	1.9256691700365877E-4	0.01694588869632197	0.06316194877720008	0.0019256691700365878	0.21105334103601	0.29655305218563455	0.0776044675524745	0.19545542075871364	0.024455998459464664	1.9256691700365877E-4	1.9256691700365877E-4	0.0845368765646062
121	121	0.0066720042700827336	0.029890579129970646	0.23485455030691219	2.668801708033093E-4	0.0034694422204430207	0.08193221243661596	2.668801708033093E-4	0.28049105951427805	0.054710435014678406	2.668801708033093E-4	0.1916199626367761	0.08913797704830531	0.0010675206832132373	0.025086736055511073	2.668801708033093E-4
122	122	8.174943797261393E-4	0.004496219088493766	2.0437359493153483E-4	0.006948702227672185	0.036991620682607806	0.07500510933987328	0.006948702227672185	0.20069487022276722	0.010014306151645207	0.04618843245452687	0.15287144900878807	2.0437359493153483E-4	0.005722460658082976	0.005109339873288371	0.4477825464949929
123	123	0.00907770515613653	0.0025417574437182284	0.033042846768336964	3.6310820624546115E-4	0.05918663761801017	0.03522149600580973	3.6310820624546115E-4	0.20188816267247642	0.01888162672476398	0.006899055918663762	0.1702977487291213	0.005809731299927378	3.6310820624546115E-4	0.44153957879448075	0.014524328249818447
124	124	0.03703703703703704	2.046245140167792E-4	0.0038878657663188048	0.005115612850419481	0.05483936975649682	0.0462451401677921	0.0020462451401677922	0.24022917945569877	0.011868221812973194	0.4164108860241457	0.13832617147534276	0.005115612850419481	0.017393083691426232	0.0014323715981174546	0.019848577859627584
125	125	7.541478129713423E-4	7.541478129713423E-4	0.04600301659125188	7.541478129713423E-4	0.014328808446455505	0.1794871794871795	0.0030165912518853692	0.17043740573152336	0.07541478129713425	7.541478129713423E-4	0.14102564102564102	0.3288084464555053	0.018853695324283562	0.016591251885369532	0.0030165912518853692
