0	0	0.002385211687537269	0.002385211687537269	5.963029218843172E-4	0.07215265354800239	0.005963029218843173	0.002385211687537269	0.22778771615980917	0.022063208109719738	0.11150864639236732	0.007751937984496124	0.3190220632081097	0.04710793082886106	0.057841383422778773	0.10077519379844961	0.020274299344066788
1	1	4.701457451810061E-4	0.0018805829807240243	4.701457451810061E-4	0.024447578749412315	0.41231781852374233	0.0230371415138693	0.14997649271274094	4.701457451810061E-4	0.27973671838269865	0.05124588622472967	0.007522331922896097	4.701457451810061E-4	0.0018805829807240243	0.041372825575928536	0.004701457451810062
2	2	2.153316106804479E-4	8.613264427217916E-4	0.015719207579672694	0.047372954349698536	0.14944013781223084	0.3374246339362619	0.15913006029285098	8.613264427217916E-4	0.22889750215331608	0.034453057708871665	0.0015073212747631353	8.613264427217916E-4	8.613264427217916E-4	0.01636520241171404	0.006029285099052541
3	3	2.916302128900554E-4	2.916302128900554E-4	0.002041411490230388	0.030912802566345876	0.44036162146398367	0.01516477107028288	0.22076407115777194	2.916302128900554E-4	0.19976669582968795	0.03441236512102654	0.007290755322251386	2.916302128900554E-4	2.916302128900554E-4	0.01778944298629338	0.030037911927675708
4	4	0.0019723865877712033	0.0019723865877712033	0.0019723865877712033	0.1380670611439842	0.04339250493096647	0.09664694280078895	0.01972386587771203	0.0019723865877712033	0.20907297830374755	0.0019723865877712033	0.11439842209072977	0.0019723865877712033	0.0019723865877712033	0.3037475345167653	0.061143984220907305
5	5	0.002289826627412496	0.002289826627412496	3.271180896303565E-4	0.12594046450768728	0.009159306509649984	3.271180896303565E-4	0.3408570493948315	3.271180896303565E-4	0.14556754988550868	0.013084723585214264	0.3359502780503762	0.009159306509649984	3.271180896303565E-4	0.013084723585214264	0.001308472358521426
6	6	6.732306656568206E-5	1.6830766641420516E-5	0.0032988302617184212	0.03677522511150383	0.3601279138264748	0.06131448287469494	0.23904737860809558	7.237229655810822E-4	0.2438946394008247	0.022738365732559117	6.732306656568206E-5	1.6830766641420516E-5	0.0031978456618698982	0.011024152150130438	0.017689135740132964
7	7	0.006626905235255136	0.006626905235255136	6.626905235255136E-4	0.006626905235255136	6.626905235255136E-4	0.05235255135851557	0.1756129887342611	0.18356527501656725	0.1815772034459907	0.0344599072233267	0.024519549370444003	6.626905235255136E-4	6.626905235255136E-4	0.3108018555334659	0.014579191517561298
8	8	7.627765064836002E-4	0.005339435545385202	0.03508771929824561	0.14035087719298245	0.051106025934401215	7.627765064836002E-4	0.2433257055682685	0.01906941266209001	0.19527078565980166	0.030511060259344015	0.009916094584286803	0.12890922959572845	0.046529366895499615	0.07627765064836003	0.016781083142639205
9	9	5.973715651135006E-4	0.061529271206690564	0.0023894862604540022	0.1027479091995221	0.03285543608124253	0.01135005973715651	0.14396654719235363	0.007765830346475508	0.23894862604540026	5.973715651135006E-4	0.0023894862604540022	0.19952210274790919	5.973715651135006E-4	0.17622461170848266	0.01851851851851852
10	10	4.3219881145326847E-4	0.0189086980010805	0.0014046461372231225	0.14694759589411127	0.021177741761210154	0.0069151809832522955	0.2947595894111291	0.005942733657482441	0.20788762830902216	0.015343057806591032	0.013398163155051324	0.003349540788762831	0.02182603997839006	0.06072393300918423	0.1809832522960562
11	11	2.7078256160303275E-4	0.012455997833739508	2.7078256160303275E-4	0.1684267533170864	0.018954779312212292	0.009206607094503114	0.2439750880043325	0.001083130246412131	0.1635526672082318	0.010018954779312212	0.002707825616030328	0.2049823991334958	0.02057947468183049	0.12699702139182237	0.016517736257784996
12	12	2.2598870056497175E-4	0.015819209039548022	0.09310734463276837	0.16293785310734463	0.06056497175141243	0.09107344632768362	0.21446327683615818	2.2598870056497175E-4	0.2334463276836158	0.02395480225988701	9.03954802259887E-4	2.2598870056497175E-4	0.003615819209039548	0.08293785310734463	0.016497175141242937
13	13	9.640877319836104E-4	0.0024102193299590266	0.007471679922872982	0.2200530248252591	0.0457941672692215	0.010363943118823814	0.22583755121716076	2.410219329959026E-4	0.1643769583032056	0.0038563509279344417	0.0016871535309713184	0.1549771029163654	0.01759460110870089	0.13545432634369728	0.008917811520848397
14	14	0.01841620626151013	0.0018416206261510127	0.0018416206261510127	0.26151012891344383	0.0018416206261510127	0.0018416206261510127	0.24493554327808473	0.007366482504604051	0.11786372007366482	0.023941068139963165	0.13443830570902393	0.07366482504604052	0.01289134438305709	0.09576427255985266	0.0018416206261510127
15	15	0.0010351966873706003	0.0010351966873706003	0.0010351966873706003	0.10662525879917185	0.041407867494824016	0.004140786749482401	0.17805383022774326	0.016563146997929604	0.20600414078674947	0.013457556935817804	0.007246376811594203	0.2867494824016563	0.032091097308488616	0.07246376811594203	0.032091097308488616
16	16	0.002340354396522902	3.3433634236041456E-4	0.0063523905048478765	0.07756603142761617	0.2380474757606152	0.2871949180875961	0.04847876964226012	0.003343363423604146	0.22099632230023405	0.04145770645269141	0.03644266131728519	3.3433634236041456E-4	0.0063523905048478765	0.017385489802741558	0.013373453694416584
17	17	0.007532251352476072	0.002039117769454848	0.00990428630878069	0.48268830628381193	0.019766957969205162	0.013150228880565959	0.18481065334997918	4.161464835622139E-5	0.18493549729504785	0.03874323761964211	0.003412401165210154	0.005160216396171453	0.004411152725759468	0.023512276321265086	0.019891801914273824
18	18	2.0538098172109262E-4	2.0538098172109262E-4	2.0538098172109262E-4	0.06490039022386526	0.252823988498665	0.15793797494352022	0.15300883138221402	2.0538098172109262E-4	0.26021770384062437	0.0501129595399466	8.215239268843705E-4	0.002669952762374204	2.0538098172109262E-4	0.031628671185048265	0.02485109878825221
19	19	0.001745200698080279	4.3630017452006976E-4	4.3630017452006976E-4	0.23211169284467714	0.010907504363001745	0.11300174520069807	0.19153577661431065	0.004363001745200698	0.17582897033158815	0.001745200698080279	0.05410122164048866	0.02268760907504363	0.003054101221640489	0.18760907504363003	4.3630017452006976E-4
20	20	0.014767932489451479	5.274261603375527E-4	5.274261603375527E-4	0.017932489451476793	0.024261603375527428	0.043248945147679324	0.1729957805907173	0.0036919831223628696	0.16824894514767932	0.002109704641350211	0.02584388185654008	0.014767932489451479	0.22362869198312238	0.2790084388185654	0.008438818565400843
21	21	0.0026936026936026933	0.022895622895622896	6.734006734006733E-4	0.13804713804713803	0.006734006734006735	0.004713804713804714	0.3198653198653199	0.014814814814814814	0.16632996632996633	0.006734006734006735	0.028956228956228958	0.022895622895622896	0.21683501683501682	0.041077441077441074	0.006734006734006735
22	22	5.555555555555556E-4	5.555555555555556E-4	5.555555555555556E-4	0.2588888888888889	0.015555555555555557	0.07722222222222222	0.13555555555555554	5.555555555555556E-4	0.22555555555555556	5.555555555555556E-4	0.08222222222222222	5.555555555555556E-4	5.555555555555556E-4	0.17055555555555554	0.030555555555555555
23	23	0.2532588454376164	0.006052141527001862	0.020018621973929236	0.06750465549348231	0.008845437616387336	0.004655493482309125	0.19878957169459965	0.00186219739292365	0.15130353817504655	0.035381750465549346	0.004655493482309125	0.061918063314711363	4.655493482309125E-4	0.18482309124767227	4.655493482309125E-4
24	24	0.004133784291619692	1.8789928598271326E-4	1.8789928598271326E-4	0.09037955655768509	0.032882375046974825	0.2510334460729049	0.18902668169860953	0.016535137166478767	0.24426907177752724	0.048102217211574594	7.51597143930853E-4	1.8789928598271326E-4	0.004697482149567832	0.04077414505824878	0.07685080796692974
25	25	5.931198102016607E-4	0.0023724792408066427	0.0023724792408066427	0.020166073546856466	0.34223013048635825	0.004151838671411626	0.21411625148279953	0.004151838671411626	0.28351126927639386	0.03440094899169632	0.005931198102016607	0.00948991696322657	5.931198102016607E-4	0.06465005931198102	0.011269276393831554
26	26	0.0012300123001230013	0.0012300123001230013	0.0012300123001230013	0.0971709717097171	0.0012300123001230013	0.0012300123001230013	0.13038130381303814	0.0012300123001230013	0.25953259532595324	0.00861008610086101	0.00861008610086101	0.2964329643296433	0.004920049200492005	0.1857318573185732	0.0012300123001230013
27	27	3.8714672861014324E-4	0.03639179248935347	3.8714672861014324E-4	0.28377855207123504	0.09097948122338366	0.0038714672861014324	0.21176926054974837	3.8714672861014324E-4	0.23035230352303523	0.014324428958575301	0.0038714672861014324	0.01664730933023616	0.0038714672861014324	0.07588075880758807	0.027100271002710025
28	28	0.032239977572189514	2.803476310625175E-4	2.803476310625175E-4	0.29212223156714323	0.05158396411550323	0.005326604990187832	0.26184468741239136	0.00112139052425007	0.18615082702551164	0.028034763106251755	0.0019624334174376226	0.06588169329969161	0.022988505747126436	0.049060835435940565	0.00112139052425007
29	29	6.230529595015575E-4	0.00249221183800623	6.230529595015575E-4	0.12024922118380062	6.230529595015575E-4	6.230529595015575E-4	0.14454828660436136	0.006230529595015577	0.2641744548286605	0.00996884735202492	0.31277258566978194	0.060436137071651096	6.230529595015575E-4	0.07538940809968848	6.230529595015575E-4
30	30	0.0029793200140203297	0.002190676480897301	3.5050823694356814E-4	0.0913073957237995	0.030318962495618645	0.03951980371538731	0.3066070802663862	0.0011391517700665966	0.21249561864703823	0.031107606028741675	0.004030844724851034	0.006133894146512443	0.0035050823694356818	0.03820539782684893	0.23010865755345253
31	31	3.8402457757296467E-4	0.006144393241167435	3.8402457757296467E-4	0.09139784946236558	0.0130568356374808	3.8402457757296467E-4	0.18356374807987713	0.0015360983102918587	0.24116743471582183	0.27572964669738864	0.0522273425499232	0.06490015360983103	3.8402457757296467E-4	0.06835637480798772	3.8402457757296467E-4
32	32	0.0019408054342552159	0.003396409509946628	4.8520135856380397E-4	0.054342552159146046	0.022319262493934983	0.020863658418243572	0.1824357108199903	4.8520135856380397E-4	0.24648229015041243	0.0077632217370208634	0.21445900048520136	0.058709364386220285	0.009218825812712276	0.15041242115477924	0.026686074721009218
33	33	0.0031746031746031746	0.0031746031746031746	0.0031746031746031746	0.04126984126984127	0.0031746031746031746	0.012698412698412698	0.14603174603174604	0.0031746031746031746	0.526984126984127	0.022222222222222223	0.04126984126984127	0.0031746031746031746	0.0031746031746031746	0.1746031746031746	0.012698412698412698
34	34	4.268032437046521E-4	4.268032437046521E-4	0.07469056764831412	0.1105420401195049	0.023474178403755867	0.07341015791720018	0.21937686726419123	0.0017072129748186085	0.26163038839095176	0.002987622705932565	0.078531796841656	0.004268032437046522	4.268032437046521E-4	0.08749466495945368	0.06060606060606061
35	35	0.0013386880856760374	0.009370816599732263	0.0013386880856760374	0.03346720214190094	0.0013386880856760374	0.029451137884872823	0.05756358768406961	0.009370816599732263	0.19410977242302543	0.0013386880856760374	0.2543507362784471	0.0013386880856760374	0.0214190093708166	0.05756358768406961	0.3266398929049531
36	36	0.007407407407407407	1.4245014245014244E-4	5.698005698005698E-4	0.09672364672364672	0.024074074074074074	0.025783475783475784	0.1821937321937322	5.698005698005698E-4	0.22962962962962966	0.007407407407407407	0.0035612535612535613	5.698005698005698E-4	0.030911680911680908	0.09971509971509972	0.29074074074074074
37	37	0.0068306010928961755	0.00273224043715847	0.008879781420765027	0.14617486338797814	0.00273224043715847	6.830601092896175E-4	0.148224043715847	0.0068306010928961755	0.27937158469945356	0.00273224043715847	6.830601092896175E-4	0.1810109289617486	6.830601092896175E-4	0.2117486338797814	6.830601092896175E-4
38	38	0.02604997341839447	0.0037214247740563534	0.014885699096225414	0.11057947900053162	0.0037214247740563534	5.316321105794789E-4	0.1791600212652844	5.316321105794789E-4	0.16799574694311536	0.0101010101010101	0.42955874534821903	5.316321105794789E-4	5.316321105794789E-4	0.04678362573099415	0.00531632110579479
39	39	0.003333333333333333	0.003333333333333333	0.003333333333333333	0.013333333333333332	0.003333333333333333	0.013333333333333332	0.1733333333333333	0.003333333333333333	0.2733333333333333	0.023333333333333334	0.013333333333333332	0.013333333333333332	0.2533333333333333	0.18333333333333332	0.023333333333333334
40	40	3.058103975535168E-4	0.0021406727828746177	0.0030581039755351682	0.24525993883792047	0.014067278287461774	0.10489296636085627	0.11590214067278287	3.058103975535168E-4	0.19480122324159022	0.07553516819571865	0.054434250764525995	0.00856269113149847	3.058103975535168E-4	0.13333333333333333	0.04709480122324159
41	41	0.001488095238095238	0.005952380952380952	0.005952380952380952	0.1130952380952381	0.023809523809523808	0.014880952380952382	0.1488095238095238	0.001488095238095238	0.1443452380952381	0.001488095238095238	0.001488095238095238	0.001488095238095238	0.023809523809523808	0.3005952380952381	0.2113095238095238
42	42	1.5130882130428203E-4	0.0015130882130428205	1.5130882130428203E-4	0.09502193977908913	0.041458617037373274	0.03601149947041912	0.1599334241186261	6.052352852171281E-4	0.22711454077772733	0.03056438190346497	0.0387350582538962	0.016038735058253897	0.0033287940686942048	0.07595702829474958	0.27341504009683765
43	43	0.004329004329004329	0.316017316017316	0.001893939393939394	0.030303030303030304	0.003517316017316017	0.0010822510822510823	0.154491341991342	0.006764069264069265	0.12121212121212122	0.07981601731601731	0.01893939393939394	0.02705627705627706	0.061147186147186144	0.15611471861471862	0.017316017316017316
44	44	3.313452617627568E-4	3.313452617627568E-4	3.313452617627568E-4	0.09675281643472498	0.0013253810470510272	0.005301524188204109	0.2210072895957588	0.007289595758780649	0.28164347249834326	0.01126573889993373	0.2309476474486415	3.313452617627568E-4	0.018223989396951624	0.08482438701126574	0.04009277667329358
45	45	0.0016666666666666666	0.0016666666666666666	0.016666666666666666	0.10666666666666666	0.016666666666666666	0.04166666666666667	0.07166666666666667	0.011666666666666667	0.26666666666666666	0.0016666666666666666	0.0016666666666666666	0.051666666666666666	0.0016666666666666666	0.2516666666666667	0.15666666666666665
46	46	7.289388732687702E-4	0.0029157554930750807	0.0013537436217848588	0.02572112881391232	0.02572112881391232	0.32750182234718317	0.21972300322815788	0.0026033531188170366	0.2297198792044153	0.061334999479329376	7.289388732687702E-4	1.0413412475268145E-4	4.165364990107258E-4	0.029782359679266894	0.07164427782984484
47	47	2.297266253158741E-4	0.02504020215943028	9.189065012634964E-4	0.12634964392373077	0.034688720422696995	0.018837583275901675	0.38134619802435105	0.01677004364805881	0.21663220767286928	0.011945784516425454	0.004364805881001608	0.011945784516425454	0.02021594302779692	0.08982311049850679	0.04089133930622559
48	48	8.149959250203749E-4	8.149959250203749E-4	0.12550937245313773	0.18907905460472696	0.0057049714751426246	0.07416462917685411	0.08149959250203749	0.015484922575387122	0.16707416462917685	0.05704971475142624	0.020374898125509373	0.032599837000815	8.149959250203749E-4	0.16707416462917685	0.061939690301548486
49	49	0.0015503875968992248	0.010852713178294573	0.0015503875968992248	0.07596899224806201	0.03875968992248062	0.15503875968992248	0.0015503875968992248	0.0015503875968992248	0.13643410852713178	0.043410852713178294	0.2248062015503876	0.0015503875968992248	0.0015503875968992248	0.2434108527131783	0.062015503875969
50	50	0.001083130246412131	0.001083130246412131	2.7078256160303275E-4	0.08800433252098565	0.005957216355266721	0.0157053885729759	0.15217979962090442	0.0035201733008394256	0.173300839425941	0.03438938532358516	0.36501489304088813	2.7078256160303275E-4	0.04819929596533983	0.08800433252098565	0.023016517736257784
51	51	0.003911879761169446	0.0026765493102738312	0.03788346716079885	0.21824171299155856	2.0588840848260242E-4	0.049619106444307184	0.21453572163887172	0.015029853819229977	0.21021206506073706	0.14968087296685198	0.01626518427012559	0.008853201564751905	0.010706197241095325	0.04406011941527692	0.018118179946469012
52	52	3.049710277523635E-4	3.049710277523635E-4	0.0030497102775236353	0.14211649893260142	0.001219884111009454	0.011283928026837451	0.3049710277523635	0.006709362610551997	0.21622445867642576	0.007624275693809089	0.014028667276608722	0.17871302226288505	0.00945410186032327	0.07624275693809088	0.02775236352546508
53	53	0.00411522633744856	5.878894767783657E-4	5.878894767783657E-4	0.07466196355085244	0.005878894767783657	0.025279247501469725	0.03233392122281011	0.00411522633744856	0.16990005878894768	0.042915931804820694	0.31804820693709585	5.878894767783657E-4	0.03409758965314521	0.18577307466196355	0.1011169900058789
54	54	0.002722098490472655	1.2373174956693887E-4	0.004949269982677556	0.051719871318980454	0.048007918831972286	0.3668646374659738	0.20131155654540955	0.001979707993071022	0.21912892848304877	0.05023509032417719	0.004949269982677556	1.2373174956693887E-4	0.001979707993071022	0.01756990843850532	0.028334570650829
55	55	0.007386888273314866	0.0018467220683287165	0.10849492151431209	0.04478301015697138	0.014312096029547553	0.0974145891043398	0.16666666666666666	4.616805170821791E-4	0.15420129270544783	0.0018467220683287165	0.01569713758079409	0.06832871652816251	4.616805170821791E-4	0.2608494921514312	0.057248384118190214
56	56	0.0015360983102918587	0.0038402457757296467	3.8402457757296467E-4	0.023425499231950843	0.037250384024577574	0.019969278033794162	0.32066052227342545	0.2872503840245776	0.20775729646697388	0.019969278033794162	0.02457757296466974	3.8402457757296467E-4	0.009600614439324117	0.04185867895545315	0.0015360983102918587
57	57	6.349206349206349E-4	0.006349206349206349	6.349206349206349E-4	0.1511111111111111	0.006349206349206349	0.040634920634920635	0.13396825396825396	0.019682539682539683	0.1492063492063492	6.349206349206349E-4	0.2311111111111111	0.0025396825396825397	0.0025396825396825397	0.07301587301587302	0.18158730158730158
58	58	0.011542012927054479	0.055863342566943676	4.616805170821791E-4	0.0863342566943675	0.006001846722068329	0.0018467220683287165	0.21375807940904895	0.028162511542012925	0.15835641735918743	4.616805170821791E-4	0.05309325946445061	4.616805170821791E-4	0.22483841181902126	0.08494921514312097	0.07386888273314866
59	59	4.8590864917395527E-4	0.2759961127308066	4.8590864917395527E-4	0.08066083576287658	4.8590864917395527E-4	4.8590864917395527E-4	0.1695821185617104	0.03547133138969873	0.22789115646258504	0.019436345966958212	0.001943634596695821	0.001943634596695821	0.006316812439261419	0.10835762876579202	0.07045675413022352
60	60	0.0030661410424879547	0.00700832238282961	0.005694261936049058	0.09110819097678492	0.029347349978098992	0.03066141042487954	0.08059570740254052	0.26850635129215944	0.2395970214629873	0.038545773105562856	0.005694261936049058	0.014892685063512922	0.018834866403854577	0.1489268506351292	0.017520805957074025
61	61	0.0030062530062530063	1.2025012025012024E-4	0.0012025012025012026	0.03763828763828764	0.02501202501202501	0.3146945646945647	0.243987493987494	8.417508417508418E-4	0.25372775372775375	0.04449254449254449	0.012025012025012025	1.2025012025012024E-4	1.2025012025012024E-4	0.029341029341029338	0.03367003367003367
62	62	0.0025789813023855577	0.0025789813023855577	0.0025789813023855577	0.10122501611863315	6.447453255963894E-4	0.02385557704706641	0.05867182462927144	6.447453255963894E-4	0.12637008381689233	0.012250161186331399	0.12056737588652483	6.447453255963894E-4	0.3468729851708575	0.10896196002578981	0.0915538362346873
63	63	4.4984255510571296E-4	0.03688708951866847	4.4984255510571296E-4	0.022042285200179937	0.0017993702204228519	4.4984255510571296E-4	0.17858749437696808	0.08681961313540261	0.2244714349977508	0.0017993702204228519	0.008547008547008546	0.09761583445793971	4.4984255510571296E-4	0.1448493027440396	0.19478182636077374
64	64	0.0011904761904761904	0.011904761904761906	0.0011904761904761904	0.04047619047619048	0.0047619047619047615	0.008333333333333333	0.24404761904761904	0.0011904761904761904	0.24404761904761904	0.0047619047619047615	0.30476190476190473	0.0011904761904761904	0.0047619047619047615	0.05476190476190476	0.07261904761904761
65	65	0.00224636684545913	4.584422133590061E-5	0.002934030165497639	0.028652638334937884	0.022051070462568195	0.03167835694310732	0.2968413331499565	5.959748773667079E-4	0.1949296291202494	0.026589648374822354	0.009673130701875029	0.004171824141566955	0.003484160821528446	0.025764452390776144	0.35034153944895247
66	66	9.606147934678194E-4	0.00888568683957733	0.01681075888568684	0.10182516810758886	9.606147934678194E-4	0.12632084534101826	0.2062920268972142	2.4015369836695484E-4	0.1601825168107589	0.10902977905859751	0.12704130643611913	2.4015369836695484E-4	0.011047070124879923	0.11191162343900096	0.01825168107588857
67	67	0.00616827041697508	0.003947693066864051	9.869232667160128E-4	0.07352578337034295	0.04539847026893659	0.1756723414754503	0.26745620528003944	2.467308166790032E-4	0.2393288921786331	0.0032075006168270415	0.05798174191956575	0.08018751542067604	0.003947693066864051	0.015050579817419195	0.02689365901801135
68	68	3.008423586040914E-4	0.14199759326113118	3.008423586040914E-4	0.029181708784596874	0.012936221419975934	0.031889290012033694	0.3802647412755716	0.023766546329723224	0.1690734055354994	0.02286401925391095	0.003910950661853188	0.026474127557160047	3.008423586040914E-4	0.10860409145607701	0.048134777376654635
69	69	0.0016522098306484922	4.1305245766212306E-4	0.0028913672036348617	0.053696819496076006	0.006608839322593969	0.021478727798430398	0.17141676992978108	0.0028913672036348617	0.18009087154068568	0.0016522098306484922	0.3634861627426683	0.0016522098306484922	4.1305245766212306E-4	0.18009087154068568	0.011565468814539447
70	70	0.0018115942028985505	0.007246376811594202	0.0018115942028985505	0.023550724637681156	0.018115942028985508	0.02898550724637681	0.012681159420289856	0.3931159420289855	0.08333333333333334	0.0018115942028985505	0.23007246376811596	0.0018115942028985505	0.0018115942028985505	0.1920289855072464	0.0018115942028985505
71	71	0.1459131545338442	0.010855683269476373	3.192848020434227E-4	0.1516602809706258	0.006066411238825032	0.0012771392081736908	0.19859514687100896	3.192848020434227E-4	0.19763729246487868	0.04533844189016603	0.017560664112388248	0.08556832694763729	0.014687100893997447	0.08939974457215837	0.03480204342273308
72	72	3.447087211306446E-4	0.011720096518441917	0.006549465701482247	0.06859703550499827	3.447087211306446E-4	3.447087211306446E-4	0.19579455360220616	3.447087211306446E-4	0.16890727335401587	0.024129610479145122	0.03240261978628059	0.22061358152361255	0.0696311616683902	0.1885556704584626	0.011720096518441917
73	73	9.664637092877162E-5	9.664637092877162E-5	9.664637092877162E-5	0.049096356431815986	0.005025611288296124	0.01662317579974872	0.22334976321639124	0.001546341934860346	0.2619116652169711	0.006185367739441384	0.017492993138107666	0.001256402822074031	0.0029960374987919205	0.06156373828162753	0.3526626075190876
74	74	0.006788866259334691	0.008825526137135099	6.788866259334691E-4	0.10658520027155466	6.788866259334691E-4	0.01697216564833673	0.22063815342837745	0.3000678886625934	0.1554650373387644	0.006788866259334691	6.788866259334691E-4	0.021045485403937542	0.09436524100475221	0.05770536320434487	0.0027155465037338763
75	75	0.004270622611822881	2.247696111485727E-4	2.247696111485727E-4	0.06563272645538323	0.013036637446617217	0.24567318498538995	0.2908518768262531	2.247696111485727E-4	0.1681276691391324	0.025174196448640145	0.021128343447965835	2.247696111485727E-4	2.247696111485727E-4	0.12632052146549788	0.038660373117554506
76	76	0.09750927397986221	0.1992580816110228	5.299417064122946E-4	0.09750927397986221	0.0021197668256491783	5.299417064122946E-4	0.27715951245363013	0.00688924218335983	0.1770005299417064	0.029146793852676205	0.011658717541070483	5.299417064122946E-4	0.08797032326444092	0.005299417064122946	0.00688924218335983
77	77	8.25082508250825E-4	0.008250825082508252	0.0033003300330033	0.09983498349834984	8.25082508250825E-4	0.0033003300330033	0.028052805280528056	0.0033003300330033	0.1542904290429043	8.25082508250825E-4	0.46864686468646866	8.25082508250825E-4	0.0429042904290429	0.11716171617161716	0.06765676567656766
78	78	5.428881650380021E-4	5.428881650380021E-4	0.21715526601520088	0.15689467969598261	0.008686210640608033	5.428881650380021E-4	0.15852334419109662	5.428881650380021E-4	0.16503800217155265	5.428881650380021E-4	0.0738327904451683	0.0038002171552660156	0.06731813246471227	0.10314875135722042	0.04288816503800217
79	79	0.0018144116122343185	2.592016588906169E-4	0.0033696215655780195	0.4613789528252981	0.002592016588906169	0.015033696215655779	0.14644893727319855	0.0010368066355624676	0.20010368066355624	0.07801969932607568	0.028252980819077244	0.0033696215655780195	0.014256091238983928	0.0352514256091239	0.008812856402280975
80	80	4.438526409232135E-4	0.02441189525077674	4.438526409232135E-4	0.1349312028406569	0.02174877940523746	0.032401242787394584	0.24545051043053706	0.0031069684864624947	0.14025743453173545	0.007101642254771416	4.438526409232135E-4	0.2720816688859299	0.02574345317354638	0.08832667554371948	0.0031069684864624947
81	81	0.012461059190031152	0.012461059190031152	0.17133956386292834	0.13629283489096575	7.78816199376947E-4	0.026479750778816202	0.1456386292834891	0.003115264797507788	0.26246105919003115	0.02881619937694704	7.78816199376947E-4	7.78816199376947E-4	7.78816199376947E-4	0.0381619937694704	0.15965732087227413
82	82	6.693440428380187E-4	0.058902275769745646	6.693440428380187E-4	6.693440428380187E-4	0.058902275769745646	0.002677376171352075	0.12717536813922356	0.030789825970548863	0.23560910307898258	0.002677376171352075	6.693440428380187E-4	0.22155287817938418	0.020749665327978582	0.22958500669344042	0.008701472556894243
83	83	9.31098696461825E-4	0.0148975791433892	9.31098696461825E-4	9.31098696461825E-4	0.020484171322160148	9.31098696461825E-4	0.13221601489757914	0.04283054003724395	0.14338919925512106	0.012104283054003724	0.06238361266294227	9.31098696461825E-4	9.31098696461825E-4	0.26629422718808193	0.2998137802607076
84	84	3.935458480913026E-4	3.935458480913026E-4	3.935458480913026E-4	0.05824478551751279	3.935458480913026E-4	0.016922471467926015	0.23297914207005116	0.0015741833923652105	0.17158598976780795	0.01810310901219992	0.016922471467926015	0.33687524596615503	0.02400629673356946	0.1208185753640299	3.935458480913026E-4
85	85	0.0024691358024691358	0.0024691358024691358	0.009876543209876543	0.0024691358024691358	0.0024691358024691358	0.0024691358024691358	0.009876543209876543	0.8395061728395061	0.06913580246913581	0.0024691358024691358	0.0024691358024691358	0.0024691358024691358	0.0024691358024691358	0.03950617283950617	0.009876543209876543
86	86	7.358351729212656E-4	0.007358351729212656	0.0051508462104488595	0.07137601177336277	7.358351729212656E-4	7.358351729212656E-4	0.13539367181751288	7.358351729212656E-4	0.21265636497424575	0.009565857247976452	0.020603384841795438	0.2656364974245769	7.358351729212656E-4	0.2568064753495217	0.01177336276674025
87	87	1.7608733932030285E-4	0.2991723895051946	1.7608733932030285E-4	0.03821095263250572	0.018136995949991196	0.029758760345131186	0.24687444972706463	0.03134354639901391	0.17767212537418559	0.002289135411163937	1.7608733932030285E-4	0.008100017608733932	0.004402183483007572	0.11322415918295475	0.030287022363092095
88	88	0.002185792349726776	5.46448087431694E-4	0.025136612021857924	0.034972677595628415	5.46448087431694E-4	0.026775956284153003	0.21366120218579238	5.46448087431694E-4	0.27103825136612025	0.002185792349726776	0.2939890710382514	0.012021857923497267	0.012021857923497267	0.03825136612021858	0.06612021857923497
89	89	0.0014124293785310734	0.0014124293785310734	0.0014124293785310734	0.10310734463276836	0.014124293785310734	0.0014124293785310734	0.0903954802259887	0.005649717514124294	0.11581920903954802	0.0014124293785310734	0.3531073446327683	0.0014124293785310734	0.0014124293785310734	0.24293785310734464	0.06497175141242938
90	90	0.001439884809215263	0.001439884809215263	5.759539236861051E-4	0.0537077033837293	0.013102951763858891	0.4321094312455004	0.13664506839452842	5.759539236861051E-4	0.2234701223902088	0.015262778977681786	0.003599712023038157	1.4398848092152627E-4	5.759539236861051E-4	0.06018718502519799	0.05716342692584594
91	91	6.105006105006105E-4	0.009768009768009768	6.105006105006105E-4	0.061050061050061055	6.105006105006105E-4	0.07203907203907205	0.11782661782661782	6.105006105006105E-4	0.10317460317460318	0.02442002442002442	0.09218559218559219	0.06288156288156288	0.006105006105006105	0.23321123321123322	0.21489621489621488
92	92	0.03892662716192127	0.003950474538709833	0.008864479452714747	0.05843811726164667	0.008575420340126223	0.03213373801609096	0.1591752179987474	0.0030832972009442595	0.21322927205280146	0.43927349809702754	0.001638001638001638	0.0012044129691188515	0.006552006552006552	0.020715903068844247	0.004239533651298357
93	93	0.011904761904761904	0.003787878787878788	5.411255411255411E-4	0.10606060606060605	0.0021645021645021645	5.411255411255411E-4	0.05411255411255412	0.42261904761904756	0.14177489177489178	0.0183982683982684	0.04437229437229437	0.007034632034632034	0.031385281385281384	0.14502164502164502	0.01028138528138528
94	94	1.8811136192626034E-4	0.005831452219714071	1.8811136192626034E-4	0.031790820165538	0.24172310007524453	0.022197140707298724	0.2659894657637321	0.006395786305492852	0.127163280662152	0.04533483822422874	7.524454477050414E-4	0.048720842738901426	1.8811136192626034E-4	0.16384499623777274	0.03969149736644093
95	95	3.4435261707988976E-4	0.005509641873278236	0.003443526170798898	0.051997245179063366	0.005509641873278236	0.3846418732782369	0.10468319559228649	0.005509641873278236	0.27203856749311295	0.035468319559228655	3.4435261707988976E-4	3.4435261707988976E-4	3.4435261707988976E-4	0.08608815426997245	0.04373278236914601
96	96	0.0015034364261168386	8.59106529209622E-4	0.007302405498281787	0.03178694158075601	0.30369415807560135	0.012457044673539518	0.0936426116838488	8.59106529209622E-4	0.31980240549828176	0.14454467353951891	0.004080756013745704	0.003436426116838488	0.002147766323024055	0.06529209621993126	0.00859106529209622
97	97	0.08393911152531842	0.0034172103137620376	4.3491767629698667E-4	6.213109661385523E-5	0.027275551413482448	0.24069586828207518	0.19614787200994097	0.003230817023920472	0.20546753650201924	0.14638086362224295	0.007145076110593352	0.001553277415346381	2.485243864554209E-4	0.057284871077974524	0.026716371543957753
98	98	4.5475216007276033E-4	0.24874943155979992	4.5475216007276033E-4	0.04001819008640291	0.004547521600727604	0.005911778080945884	0.21737153251477945	0.1259663483401546	0.11914506593906321	0.0018190086402910413	0.003183265120509323	0.02501136880400182	0.010004547521600727	0.16007276034561163	0.03728967712596635
99	99	0.006410256410256411	9.157509157509158E-4	9.157509157509158E-4	0.0173992673992674	0.02838827838827839	0.07509157509157509	0.04487179487179487	9.157509157509158E-4	0.08882783882783883	0.009157509157509158	0.5750915750915752	0.003663003663003663	9.157509157509158E-4	0.13553113553113555	0.011904761904761904
100	100	0.00580875781948168	0.020554066130473638	4.4682752457551384E-4	0.06881143878462914	0.02457551385165326	4.4682752457551384E-4	0.22698838248436104	0.011170688114387848	0.14119749776586238	0.029937444146559425	0.04870420017873101	0.11706881143878463	0.15728328865058086	0.14253798033958892	0.004468275245755138
101	101	3.916960438699569E-4	3.916960438699569E-4	0.0990990990990991	0.12142577359968663	0.00626713670191931	0.08734821778300039	0.13200156678417546	0.0015667841754798276	0.18958088523305916	0.14492753623188406	0.06737171954563259	0.060321190755973364	0.016842929886408148	0.041519780650215436	0.030943987465726595
102	102	0.014260249554367202	0.02602495543672014	0.008912655971479501	0.00142602495543672	0.05276292335115865	0.047415329768270946	0.15115864527629236	0.02067736185383244	0.2559714795008913	3.5650623885918E-4	3.5650623885918E-4	0.01639928698752228	0.01746880570409982	0.1522281639928699	0.23458110516934047
103	103	0.007449410718256615	4.4474093840338E-4	0.0037802979764287306	0.031798977095841674	0.047809650878363356	0.30865021125194575	0.10651545474760951	0.00644874360684901	0.21792305981765622	0.09550811652212586	0.01045141205247943	0.00244607516121859	0.0034467422726261955	0.12185901712252613	0.03546808983766955
104	104	0.011291291291291292	1.2012012012012012E-4	0.0012012012012012011	0.026066066066066065	0.0012012012012012011	0.0530930930930931	0.11435435435435434	1.2012012012012012E-4	0.29201201201201205	0.06282282282282282	0.017417417417417418	8.408408408408409E-4	0.0076876876876876875	0.051651651651651656	0.3601201201201201
105	105	0.002530044275774826	6.325110689437065E-4	6.325110689437065E-4	0.038583175205566096	6.325110689437065E-4	6.325110689437065E-4	0.20177103099304236	0.03478810879190385	0.1467425679949399	0.06514864010120178	0.41239721695129666	6.325110689437065E-4	0.010120177103099304	0.046173308032890575	0.038583175205566096
106	106	7.092198581560283E-4	0.019858156028368795	0.0028368794326241132	0.04539007092198581	0.028368794326241138	7.092198581560283E-4	0.1602836879432624	7.092198581560283E-4	0.1453900709219858	7.092198581560283E-4	0.05815602836879433	0.275177304964539	0.02624113475177305	0.200709219858156	0.034751773049645385
107	107	0.005176682421787081	0.013616925500787757	7.877560207067298E-4	0.03927526446094981	0.009903218546027458	0.012604096331307676	0.23069997749268514	0.29585865406257034	0.2452171955885663	0.01766824217870808	7.877560207067298E-4	0.0018005851901868107	1.1253657438667567E-4	0.08991672293495385	0.03657438667566959
108	108	0.0017344173441734417	1.0840108401084011E-4	0.0014092140921409214	0.0218970189701897	0.28368563685636855	0.03132791327913279	0.13929539295392954	0.0014092140921409214	0.2823848238482385	0.16010840108401084	0.002059620596205962	1.0840108401084011E-4	0.0017344173441734417	0.06352303523035231	0.009214092140921408
109	109	0.013481481481481481	1.4814814814814815E-4	0.27881481481481485	0.07837037037037037	0.016148148148148148	0.05925925925925926	0.15792592592592591	1.4814814814814815E-4	0.2601481481481482	0.11125925925925927	1.4814814814814815E-4	5.925925925925926E-4	1.4814814814814815E-4	0.02325925925925926	1.4814814814814815E-4
110	110	0.07340553549939831	0.12755716004813478	0.0012033694344163657	0.030084235860409148	0.07340553549939831	0.004813477737665463	0.19253910950661854	0.0012033694344163657	0.17809867629362214	0.030084235860409148	0.008423586040914562	0.01925391095066185	0.17087845968712395	0.08062575210589651	0.008423586040914562
111	111	3.8402457757296467E-4	0.0695084485407066	3.8402457757296467E-4	3.8402457757296467E-4	0.02803379416282642	0.04992319508448541	0.15937019969278035	3.8402457757296467E-4	0.1904761904761905	0.007296466973886328	0.010752688172043012	0.2296466973886329	3.8402457757296467E-4	0.2296466973886329	0.023425499231950843
112	112	0.008281573498964802	0.0020703933747412005	0.0020703933747412005	0.0020703933747412005	0.03312629399585921	0.0020703933747412005	0.02691511387163561	0.0020703933747412005	0.2194616977225673	0.0020703933747412005	0.5424430641821946	0.0020703933747412005	0.008281573498964802	0.08902691511387163	0.057971014492753624
113	113	0.006605691056910569	0.0934959349593496	0.008130081300813007	0.03709349593495935	0.015752032520325206	0.015752032520325206	0.14227642276422764	0.015752032520325206	0.20172764227642279	0.015752032520325206	0.011178861788617886	0.24288617886178862	0.015752032520325206	0.1758130081300813	0.002032520325203252
114	114	0.003144654088050314	1.9654088050314464E-4	1.9654088050314464E-4	0.02142295597484277	0.02908805031446541	0.2478380503144654	0.14760220125786164	1.9654088050314464E-4	0.26552672955974843	0.21305031446540879	0.007861635220125786	1.9654088050314464E-4	7.861635220125786E-4	0.04500786163522012	0.017885220125786163
115	115	7.199424046076314E-4	0.3592512598992081	0.00503959683225342	0.00503959683225342	0.0028797696184305254	0.011519078473722102	0.10007199424046077	0.011519078473722102	0.15838732901367888	0.0028797696184305254	7.199424046076314E-4	0.02015838732901368	0.013678905687544997	0.2663786897048236	0.04175665946724262
116	116	4.975124378109452E-4	4.975124378109452E-4	0.03482587064676617	0.03333333333333333	0.025870646766169153	0.001990049751243781	0.16019900497512438	0.003482587064676617	0.22437810945273634	0.007960199004975124	0.26169154228855723	0.015422885572139304	4.975124378109452E-4	0.2019900497512438	0.027363184079601987
117	117	0.0040373454453696694	2.5233409033560434E-4	0.2508200857935907	0.08049457481705778	0.0010093363613424174	0.05021448397678526	0.11380267474135757	2.5233409033560434E-4	0.2591471107746656	0.12440070653545295	0.07898057027504415	2.5233409033560434E-4	2.5233409033560434E-4	0.027504415846580876	0.008579359071410548
118	118	0.0018115942028985505	0.007246376811594202	0.07789855072463768	0.050724637681159424	0.02898550724637681	0.007246376811594202	0.04528985507246377	0.0018115942028985505	0.213768115942029	0.0018115942028985505	0.02898550724637681	0.0018115942028985505	0.0018115942028985505	0.23007246376811596	0.3007246376811594
119	119	0.038330907326540514	0.02959728287239204	4.8520135856380397E-4	0.022319262493934983	0.0019408054342552159	0.09364386220281416	0.18534691897137312	4.8520135856380397E-4	0.21445900048520136	0.07472100921882581	4.8520135856380397E-4	0.1489568170790878	0.003396409509946628	0.15332362930616206	0.032508491023774864
120	120	0.04987483150394762	7.702676680146351E-4	0.00481417292509147	0.04352012324282688	0.005969574427113422	0.09782399383785866	0.20065472751781244	1.9256691700365877E-4	0.16310417870209898	0.055074138263046406	0.21278644328904292	0.011746581937223185	0.010013479684190255	0.11919892162526478	0.024455998459464664
121	121	0.0010675206832132373	0.2004270082732853	0.0026688017080330933	0.04590338937816921	0.0010675206832132373	0.005871363757672805	0.16519882572724848	0.0026688017080330933	0.24446223645583132	0.0018681611956231654	0.017080330931411796	0.10194822524686416	0.012276487856952229	0.1796103549506272	0.01788097144382172
122	122	0.02779480891068874	0.004496219088493766	0.001430615164520744	0.01859799713876967	0.017984876353975065	0.43429388922951156	0.1424483956672798	0.003269977518904557	0.18475372981810748	0.0768444716942571	8.174943797261393E-4	2.0437359493153483E-4	2.0437359493153483E-4	0.06826078070713264	0.01859799713876967
123	123	0.0014524328249818446	0.033042846768336964	0.010167029774872913	0.01888162672476398	0.04175744371822804	0.02977487291212781	0.11474219317356572	0.3565722585330428	0.243282498184459	0.013435003631082063	0.0025417574437182284	0.004720406681190995	0.004720406681190995	0.10167029774872911	0.023238925199709513
124	124	0.29670554532432986	2.046245140167792E-4	8.184980560671168E-4	0.07018620830775527	0.012482095355023532	0.009412727644771844	0.11561285041948026	0.005729486392469819	0.2617147534274606	0.16165336607325556	0.0026601186822181296	0.005115612850419481	0.0014323715981174546	0.041334151831389394	0.014937589523224881
125	125	7.541478129713423E-4	0.023378582202111614	7.541478129713423E-4	0.005279034690799397	0.032428355957767725	0.023378582202111614	0.11613876319758673	7.541478129713423E-4	0.16817496229260934	7.541478129713423E-4	0.03469079939668175	0.2564102564102564	7.541478129713423E-4	0.23604826546003016	0.10030165912518854
