0	0	0.07968396203690321	0.004384063207592619	3.3723563135327843E-4	0.025196319313966375	0.06277400395047454	0.21640892229127523	1.9270607505901622E-4	0.023028375969552442	0.0038059449824155707	6.262947439418027E-4	0.22768222768222768	0.1603314544491015	0.0012044129691188515	0.180999180999181	0.013344895697836874
1	1	0.0013386880856760374	0.358768406961178	0.0013386880856760374	0.0013386880856760374	0.041499330655957165	0.26639892904953144	0.12182061579651941	0.0013386880856760374	0.0013386880856760374	0.02543507362784471	0.03346720214190094	0.04953145917001339	0.0013386880856760374	0.00535475234270415	0.0896921017402945
2	2	0.30171454019149413	0.004453351146737921	0.010465375194834113	0.006457359162769984	0.10097973725228233	0.16778000445335114	0.008461367178802049	0.010799376530839457	1.11333778668448E-4	0.001781340458695168	0.033511467379202846	0.12536183478067245	0.0037853484747272324	0.21988421287018484	0.004453351146737921
3	3	2.7917364600781687E-4	0.007816862088218872	2.7917364600781687E-4	2.7917364600781687E-4	0.06058068118369626	0.07398101619207147	0.016192071468453376	0.006979341150195422	0.23646007816862086	0.017029592406476828	0.0011166945840312675	0.34701284198771637	0.22640982691233946	0.00530429927414852	2.7917364600781687E-4
4	4	3.6310820624546115E-4	0.0014524328249818446	3.6310820624546115E-4	0.01234567901234568	0.05918663761801017	0.1561365286855483	0.030864197530864196	0.007988380537400145	3.6310820624546115E-4	0.47421931735657225	0.01888162672476398	0.1757443718228032	0.017792302106027596	0.042846768336964415	0.0014524328249818446
5	5	5.200208008320332E-4	0.009880395215808632	0.2516900676027041	0.005200208008320333	0.21112844513780551	0.12220488819552781	0.11596463858554341	0.02392095683827353	0.009880395215808632	5.200208008320332E-4	0.002080083203328133	0.1627665106604264	0.03328133125325013	0.002080083203328133	0.048881955278211126
6	6	5.737234652897303E-4	5.737234652897303E-4	0.024670109007458405	0.005737234652897304	0.07286288009179576	0.07458405048766495	0.18129661503155478	0.012621916236374067	5.737234652897303E-4	0.3602983362019507	0.002294893861158921	0.17096959265633963	0.009179575444635685	0.045324153757888695	0.03843947217441193
7	7	0.019168104274487254	0.0047920260686218135	0.03239409622388346	7.667241709794901E-4	0.12267586735671843	0.10657465976614913	0.2394096223883458	0.034119225608587316	0.0013417672992141077	0.007667241709794902	0.019168104274487254	0.2624113475177305	0.1088748322790876	0.031244009967414225	0.009392371094498753
8	8	4.504504504504504E-4	0.06396396396396396	4.504504504504504E-4	0.01936936936936937	0.11396396396396395	0.20180180180180182	0.08018018018018018	0.00990990990990991	4.504504504504504E-4	4.504504504504504E-4	4.504504504504504E-4	0.13963963963963963	0.35180180180180176	0.0045045045045045045	0.012612612612612614
9	9	0.0015503875968992248	0.11317829457364341	0.0015503875968992248	0.006201550387596899	0.062015503875969	0.2108527131782946	0.3457364341085271	0.08527131782945736	0.0015503875968992248	0.006201550387596899	0.006201550387596899	0.0015503875968992248	0.0015503875968992248	0.13643410852713178	0.020155038759689922
10	10	9.324009324009324E-4	0.26736596736596735	2.331002331002331E-4	0.002331002331002331	0.08065268065268065	0.17715617715617715	0.005827505827505828	0.0044289044289044285	2.331002331002331E-4	0.0337995337995338	0.06876456876456877	0.2568764568764569	0.0030303030303030303	0.09813519813519814	2.331002331002331E-4
11	11	0.024710035300050427	0.026222894604135148	5.042864346949066E-4	0.17599596570852244	0.238023197175996	0.16843166918809882	0.057992939989914276	0.04589006555723651	0.026222894604135148	0.006555723651033787	5.042864346949066E-4	0.16086737266767523	5.042864346949066E-4	0.06555723651033787	0.0020171457387796266
12	12	0.008557980316645272	0.005348737697903295	0.023320496362858368	0.002781343602909713	0.1433461703038083	0.12537441163885324	0.08365425759520753	0.007916131792896876	0.24732563115104833	0.0014976465554129227	0.002781343602909713	0.1446298673513051	0.09905862216516903	0.03359007274283269	0.07081728712023962
13	13	0.41744372233210886	0.029481021004050107	0.0037675426203258927	0.014505039088254687	0.12301026655364038	0.14505039088254687	9.418856550814731E-5	6.593199585570312E-4	6.593199585570312E-4	6.593199585570312E-4	0.011679382123010267	0.1747197890176133	9.418856550814731E-5	0.061693510407836494	0.01648299896392578
14	14	8.25082508250825E-4	0.06765676567656766	8.25082508250825E-4	0.005775577557755776	0.0528052805280528	0.23844884488448845	0.14933993399339934	0.008250825082508252	8.25082508250825E-4	8.25082508250825E-4	8.25082508250825E-4	0.0528052805280528	0.005775577557755776	0.0033003300330033	0.41171617161716173
15	15	5.722460658082976E-4	0.006984768156189515	0.0022889842632331904	0.004308676260203652	0.017234705040814608	0.27378608095598755	0.005671968358158714	0.05833543717916351	5.21753765884036E-4	0.001531599764369267	0.3326096103677522	0.2613649751746192	1.6830766641420518E-4	0.032735841117562905	0.001885045863839098
16	16	0.0012300123001230013	0.0012300123001230013	0.023370233702337023	0.0012300123001230013	0.01968019680196802	0.3222632226322263	0.5473554735547356	0.0012300123001230013	0.0012300123001230013	0.004920049200492005	0.0012300123001230013	0.05658056580565806	0.0012300123001230013	0.015990159901599015	0.0012300123001230013
17	17	0.004337050805452293	0.06567534076827758	0.013630731102850062	0.011771995043370507	0.14560099132589838	0.1809169764560099	6.195786864931846E-4	6.195786864931846E-4	6.195786864931846E-4	6.195786864931846E-4	0.011771995043370507	0.23667905824039653	0.0322180916976456	0.0768277571251549	0.218091697645601
18	18	0.006931316950220542	0.012602394454946441	0.13358538122243227	3.15059861373661E-4	0.1090107120352867	0.10712035286704473	0.147763074984247	0.11090107120352867	0.002205419029615627	0.002205419029615627	0.010712035286704474	0.18651543793320732	0.06647763074984246	0.09861373660995588	0.005040957781978576
19	19	0.033577533577533576	0.03907203907203907	0.002442002442002442	6.105006105006105E-4	0.16178266178266176	0.09584859584859586	0.02075702075702076	0.002442002442002442	6.105006105006105E-4	0.006105006105006105	6.105006105006105E-4	0.17826617826617827	0.01343101343101343	0.07203907203907205	0.3724053724053724
20	20	0.024891774891774892	0.008658008658008658	0.015151515151515152	5.411255411255411E-4	0.026515151515151512	0.22781385281385283	0.026515151515151512	0.16612554112554112	5.411255411255411E-4	5.411255411255411E-4	0.0021645021645021645	0.13203463203463203	0.003787878787878788	0.3625541125541126	0.0021645021645021645
21	21	0.005527210884353741	0.0017006802721088435	0.013180272108843538	4.2517006802721087E-4	0.1139455782312925	0.10501700680272108	0.004251700680272109	0.01445578231292517	0.3524659863945578	0.07950680272108844	0.0017006802721088435	0.24659863945578234	0.010629251700680274	0.022108843537414963	0.028486394557823126
22	22	5.585812037424941E-4	0.013545594190755482	0.033235581622678395	0.007261555648652422	0.12246892892054181	0.11953637760089372	0.024856863566540988	0.017316017316017316	0.3390587906716939	0.0018153889121631055	5.585812037424941E-4	0.21798631476050834	0.058790671693897505	0.024856863566540988	0.01815388912163106
23	23	0.0029398462234283126	0.01650836725463591	2.261420171867933E-4	2.261420171867933E-4	0.14473089099954772	0.08299412030755314	0.022614201718679332	0.0606060606060606	0.005653550429669833	0.4032112166440525	0.003618272274988693	0.2424242424242424	0.009724106739032113	0.004296698326549072	2.261420171867933E-4
24	24	3.0441400304414E-4	0.03500761035007611	0.23957382039573819	0.0030441400304414006	0.21126331811263319	0.08614916286149163	3.0441400304414E-4	0.04414003044140031	0.00213089802130898	0.026788432267884323	0.00213089802130898	0.21035007610350076	0.06057838660578386	0.07519025875190258	0.0030441400304414006
25	25	4.522840343735866E-4	0.022161917684305744	0.007236544549977386	4.522840343735866E-4	0.10900045228403436	0.08186341022161918	0.007236544549977386	0.007236544549977386	0.009950248756218905	0.5052012663952962	0.014020805065581185	0.2229760289461782	0.009950248756218905	4.522840343735866E-4	0.0018091361374943465
26	26	4.268032437046521E-4	0.10029876227059326	0.002987622705932565	0.002987622705932565	0.06316688006828852	0.342296201451131	0.19120785317968417	0.11310285958173281	0.0017072129748186085	4.268032437046521E-4	0.01195049082373026	0.16816047801963296	4.268032437046521E-4	4.268032437046521E-4	4.268032437046521E-4
27	27	0.0034408602150537634	0.04795698924731182	0.015698924731182794	2.1505376344086021E-4	0.13698924731182796	0.06408602150537634	0.01827956989247312	0.0324731182795699	0.022795698924731184	0.031182795698924733	0.02666666666666667	0.19053763440860214	0.34086021505376346	0.05118279569892473	0.01763440860215054
28	28	8.766162612316458E-4	0.015998246767477537	8.766162612316458E-4	2.1915406530791145E-4	0.06136313828621521	0.16195485426254658	0.03177733946964716	0.0041639272408503175	8.766162612316458E-4	0.47556432171816787	0.029147490685952227	0.18628095551172472	0.008766162612316459	0.02191540653079115	2.1915406530791145E-4
29	29	5.324813631522896E-4	0.04046858359957401	0.014909478168264111	0.0021299254526091584	0.15069222577209798	0.07720979765708201	0.022896698615548456	0.0021299254526091584	0.4621938232161874	0.003727369542066028	0.019701810436634718	0.18423855165069222	0.011714589989350372	0.006922257720979765	5.324813631522896E-4
30	30	1.7608733932030285E-4	0.019193519985913014	0.016023947878147562	1.7608733932030285E-4	0.042965310794153895	0.16974819510477196	0.0614544814227857	0.029758760345131186	0.0493044550096848	0.021306568057756648	0.010213065680577565	0.28015495685860187	0.2859658390561719	0.012854375770382108	7.043493572812114E-4
31	31	0.014985380116959063	1.827485380116959E-4	0.05116959064327485	1.827485380116959E-4	0.0983187134502924	0.11476608187134503	0.16575292397660818	0.0012792397660818715	0.010599415204678362	0.0029239766081871343	0.012244152046783625	0.2096125730994152	0.2501827485380117	0.010051169590643274	0.0577485380116959
32	32	0.011369509043927648	0.00516795865633075	0.020671834625323	5.167958656330749E-4	0.1524547803617571	0.09198966408268734	0.023772609819121448	5.167958656330749E-4	5.167958656330749E-4	0.09819121447028424	0.0144702842377261	0.36485788113695095	0.20671834625323	0.0020671834625322996	0.0067183462532299735
33	33	0.004579774724594628	0.030573090729050623	0.007179106325040228	0.0034657754672608	0.08478772125263027	0.05099641044683748	0.04728307958905805	8.664438668152E-4	0.017205099641044684	0.35251887609852706	0.008293105582374055	0.3105582374056195	0.051739076618393366	0.0030944423814828572	0.026859759871271194
34	34	4.474272930648769E-4	0.015212527964205818	0.003131991051454139	0.003131991051454139	0.27695749440715883	0.15615212527964206	0.03668903803131991	4.474272930648769E-4	0.017897091722595078	4.474272930648769E-4	0.0044742729306487695	0.083668903803132	4.474272930648769E-4	0.02729306487695749	0.37360178970917224
35	35	2.7078256160303275E-4	2.7078256160303275E-4	0.04007581911724885	0.023016517736257784	0.04982399133495803	0.27159490928784186	0.2927159490928784	0.0148930408881668	2.7078256160303275E-4	0.004332520985648524	0.018954779312212292	0.21716761440563226	0.029515299214730572	0.014080693203357702	0.023016517736257784
36	36	0.0018518518518518517	0.0462962962962963	0.2240740740740741	0.007407407407407407	0.06296296296296297	0.13518518518518519	0.2574074074074074	0.0962962962962963	0.01851851851851852	0.04074074074074074	0.05185185185185186	0.0018518518518518517	0.0018518518518518517	0.05185185185185186	0.0018518518518518517
37	37	1.9069412662090006E-4	0.0064836003051106025	0.015064836003051106	0.002479023646071701	0.08886346300533944	0.10831426392067126	0.013920671243325704	1.9069412662090006E-4	0.3108314263920671	0.0070556826849733035	1.9069412662090006E-4	0.33771929824561403	0.027650648360030512	0.04023646071700991	0.04080854309687262
38	38	0.0015073212747631353	0.0015073212747631353	2.153316106804479E-4	0.0034453057708871662	0.031223083548664946	0.27411714039621016	0.03251507321274763	0.3102928509905254	2.153316106804479E-4	0.0015073212747631353	0.11584840654608097	0.16171403962101638	2.153316106804479E-4	0.06546080964685616	2.153316106804479E-4
39	39	0.00693000693000693	0.1586971586971587	0.0197010197010197	0.0015840015840015839	0.12305712305712305	0.15750915750915753	0.032472032472032474	0.03692703692703692	0.005742005742005741	9.900009900009899E-5	0.017325017325017327	0.25373725373725375	0.004851004851004851	0.15483615483615484	0.02653202653202653
40	40	0.005157055789967182	0.027660571964369433	0.02203469292076887	2.344116268166901E-4	0.1282231598687295	0.15916549460853258	0.12681669010782937	0.027660571964369433	0.009376465072667605	0.001640881387716831	0.018518518518518517	0.23230192217533988	0.007266760431317394	0.03258321612751992	0.20135958743553678
41	41	3.4048348655090226E-4	0.021790943139257744	3.4048348655090226E-4	0.018726591760299623	0.1198501872659176	0.1607082056520259	0.0034048348655090228	3.4048348655090226E-4	0.35580524344569286	0.002383384405856316	0.03711270003404835	0.19748042219952333	0.009533537623425264	0.005447735784814436	0.06673476336397684
42	42	4.2789901583226354E-4	0.019683354728284124	0.2635857937526744	0.018399657680787336	0.13008130081300812	0.11082584510055626	0.15190415062045357	0.008130081300813007	0.008130081300813007	0.02995293110825845	0.006846384253316217	0.2186563970902867	0.008130081300813007	0.0017115960633290541	0.023534445870774495
43	43	4.0502227622519235E-4	0.41474281085459697	0.019846091535034426	4.0502227622519235E-4	0.08788983394086675	0.2349129202106116	0.035641960307816925	0.007695423248278655	4.0502227622519235E-4	0.005265289590927501	0.0028351559335763467	0.15593357634669908	4.0502227622519235E-4	0.03321182665046577	4.0502227622519235E-4
44	44	0.004922644163150493	0.0028129395218002813	0.011251758087201125	7.032348804500703E-4	0.14838255977496484	0.1779184247538678	0.09142053445850915	0.04711673699015471	0.04922644163150492	0.013361462728551335	0.0028129395218002813	0.25597749648382556	0.15682137834036566	0.028129395218002815	0.009142053445850914
45	45	0.001315295001878993	0.047538519353626456	0.004697482149567832	0.004133784291619692	0.017098835024426908	0.43761743705373923	0.039646749342352496	0.1873355881247651	1.8789928598271326E-4	0.006388575723412252	0.028936490041337845	0.15520481022172114	1.8789928598271326E-4	0.06839534009770763	0.001315295001878993
46	46	0.007029226785053644	3.6995930447650754E-4	0.008139104698483167	3.6995930447650754E-4	0.2778394376618572	0.11690714021457639	0.09359970403255641	0.02145763965963744	3.6995930447650754E-4	3.6995930447650754E-4	0.02700702922678505	0.2134665186829449	0.012578616352201259	0.03033666296707362	0.19015908250092492
47	47	9.31098696461825E-4	0.4227188081936686	9.31098696461825E-4	9.31098696461825E-4	0.045623836126629416	0.148975791433892	0.04003724394785847	0.00931098696461825	0.09869646182495345	0.0037243947858473	0.0148975791433892	0.18249534450651766	0.0037243947858473	0.0260707635009311	9.31098696461825E-4
48	48	2.038735983690112E-4	0.35983690112130484	2.038735983690112E-4	2.038735983690112E-4	0.13170234454638124	0.18124362895005094	0.004485219164118246	0.0326197757390418	2.038735983690112E-4	0.004485219164118246	0.008766564729867482	0.18674821610601425	0.003261977573904179	0.0472986748216106	0.03873598369011213
49	49	0.012578616352201257	0.003144654088050314	0.003144654088050314	0.003144654088050314	0.16352201257861634	0.14465408805031446	0.1540880503144654	0.031446540880503145	0.003144654088050314	0.003144654088050314	0.003144654088050314	0.031446540880503145	0.022012578616352203	0.022012578616352203	0.39937106918238996
50	50	0.007163085124104615	0.29851740796268533	0.008162585373979677	0.023654839247043147	0.1460936198567383	0.15009162085623853	0.051141096118607364	0.002165583874729302	0.009162085623854739	0.0016658337497917708	0.0031650841246043645	0.23654839247043144	0.015658837248042644	0.026153589871730804	0.020656338497417957
51	51	1.0804970286331712E-4	0.14694759589411127	0.013398163155051324	0.009832522960561857	0.024095083738519717	0.3680172879524581	0.08341437061048082	0.009508373851971907	0.010480821177741762	7.5634792004322E-4	0.015991356023770935	0.28535926526202054	0.011453268503511617	0.007563479200432198	0.013074014046461373
52	52	0.0014148980441115273	0.017769454848106533	0.002039117769454848	0.2970453599667083	0.03474823137744486	0.3371202663337495	0.03961714523512276	0.008655846858094049	1.6645859342488556E-4	1.6645859342488556E-4	0.030628381190178945	0.18955472326258843	6.658343736995423E-4	0.03387432376196421	0.0065334997919267584
53	53	0.014689265536723162	0.039265536723163845	0.06299435028248587	0.006214689265536723	0.1172316384180791	0.039265536723163845	0.15282485875706214	2.824858757062147E-4	2.824858757062147E-4	0.025706214689265535	0.15451977401129943	0.22824858757062144	0.08757062146892655	0.057909604519774005	0.012994350282485877
54	54	5.767012687427913E-4	0.3362168396770473	0.004036908881199539	5.767012687427913E-4	0.10092272202998848	0.11303344867358707	0.06805074971164937	0.002306805074971165	5.767012687427913E-4	0.18050749711649364	0.024798154555940023	0.1510957324106113	5.767012687427913E-4	0.016147635524798157	5.767012687427913E-4
55	55	8.641175199827175E-4	0.002808381939943832	0.028731907539425363	2.160293799956794E-4	0.158349535536833	0.090300280838194	0.006696910779866062	0.00345647007993087	0.3689781810326205	0.00799308705984014	2.160293799956794E-4	0.18945776625621083	2.160293799956794E-4	0.017066321019658673	0.12464895225750702
56	56	0.0036857866850956	0.00506795669200645	0.023036166781847504	0.029255931812946327	0.280810873070721	0.09421792213775629	0.06381018198571757	0.001612531674729325	2.30361667818475E-4	0.001612531674729325	0.0119788067265607	0.21308454273208938	0.0064501266989173	0.048606311909698226	0.21653996774936649
57	57	0.002569043031470777	0.035324341682723186	0.04110468850353243	0.0064226075786769435	0.12588310854206808	0.05459216441875401	0.06229929351316635	6.422607578676942E-4	0.08542068079640334	0.002569043031470777	0.008349389852280025	0.2607578676942839	0.10083493898522801	0.01605651894669236	0.19717405266538213
58	58	0.0032237266279819474	0.07962604771115409	3.223726627981947E-4	0.009026434558349453	0.04480980012894907	0.14829142488716957	0.05738233397807866	0.0022566086395873633	0.004190844616376531	0.020631850419084462	0.06511927788523533	0.17537072856221794	0.0012894906511927789	0.37362991618310765	0.014829142488716958
59	59	4.016064257028112E-4	0.014859437751004017	4.016064257028112E-4	4.016064257028112E-4	0.05823293172690763	0.22931726907630523	0.028112449799196786	0.022088353413654616	4.016064257028112E-4	0.01244979919678715	0.004016064257028113	0.08835341365461846	4.016064257028112E-4	0.06425702811244981	0.4763052208835341
60	60	0.010144927536231885	0.12971014492753621	3.6231884057971015E-4	3.6231884057971015E-4	0.059057971014492755	0.16884057971014493	0.15579710144927536	0.007971014492753623	0.006884057971014493	3.6231884057971015E-4	0.0025362318840579713	0.22971014492753625	0.03949275362318841	0.006884057971014493	0.1818840579710145
61	61	0.008658008658008658	5.411255411255411E-4	0.0021645021645021645	0.005411255411255412	0.07521645021645022	0.24404761904761907	0.04924242424242424	0.003787878787878788	0.5005411255411255	5.411255411255411E-4	5.411255411255411E-4	0.050865800865800864	0.01028138528138528	0.008658008658008658	0.0395021645021645
62	62	0.06604361370716512	6.230529595015575E-4	6.230529595015575E-4	0.04922118380062305	0.23426791277258566	0.3651090342679128	6.230529595015575E-4	0.04735202492211838	0.008099688473520248	0.004361370716510903	6.230529595015575E-4	0.15763239875389407	6.230529595015575E-4	0.06230529595015577	0.00249221183800623
63	63	0.00322180916976456	0.006195786864931847	0.017348203221809168	0.1526641883519207	0.14671623296158612	0.16456009913258984	0.032218091697645605	0.03147459727385378	0.011400247831474598	2.478314745972738E-4	0.003965303593556381	0.24114002478314744	0.00322180916976456	0.030731102850061958	0.15489467162329618
64	64	0.017409114183307733	0.01894521249359959	0.08960573476702509	5.120327700972862E-4	0.18330773169482847	0.048131080389144903	0.06810035842293907	0.003584229390681004	5.120327700972862E-4	0.009728622631848437	0.00665642601126472	0.27700972862263185	0.04045058883768561	5.120327700972862E-4	0.23553507424475167
65	65	0.004374453193350831	0.11329833770778652	4.3744531933508307E-4	0.003062117235345582	0.15135608048993876	0.1447944006999125	0.147419072615923	0.199912510936133	0.0017497812773403323	0.02274715660542432	0.026684164479440067	0.14348206474190725	4.3744531933508307E-4	0.03980752405949256	4.3744531933508307E-4
66	66	5.473453749315818E-4	0.0021893814997263274	0.03667214012041598	5.473453749315818E-4	0.1351943076081007	0.03338806787082649	0.013683634373289547	0.028461959496442254	0.02025177887246853	0.11384783798576902	0.0021893814997263274	0.2616310892172961	0.32731253420908596	0.0021893814997263274	0.021893814997263273
67	67	0.0017425939756036844	2.4894199651481205E-4	0.007717201891959174	2.4894199651481205E-4	0.08015932287776947	0.13243714214588	0.021160069703759023	2.4894199651481205E-4	0.1279561862086134	0.003983071944236993	2.4894199651481205E-4	0.3378142892705999	0.2855364700024894	2.4894199651481205E-4	2.4894199651481205E-4
68	68	9.704027171276079E-4	0.14143619602134885	2.4260067928190198E-4	0.023532265890344496	0.1327025715672004	0.18073750606501698	0.07957302280446385	0.00606501698204755	0.005337214944201843	2.4260067928190198E-4	0.005337214944201843	0.15089762251334304	0.005337214944201843	0.01479864143619602	0.2527899078117419
69	69	3.3467202141900936E-4	0.006358768406961177	0.0023427041499330657	0.004350736278447121	0.1037483266398929	0.05756358768406961	0.03447121820615797	0.00535475234270415	0.04250334672021419	0.029451137884872823	0.0013386880856760374	0.24531459170013387	0.45515394912985274	0.007362784471218206	0.004350736278447121
70	70	0.005952380952380952	0.014069264069264068	0.008387445887445888	0.0091991341991342	0.1001082251082251	0.06358225108225107	0.04491341991341991	0.0091991341991342	0.07494588744588744	0.008387445887445888	0.04166666666666667	0.23809523809523808	0.3152056277056277	0.034361471861471864	0.03192640692640693
71	71	0.02371364653243848	0.36196868008948546	0.01029082774049217	2.2371364653243846E-4	0.1243847874720358	0.11230425055928413	0.016331096196868008	0.014317673378076061	0.01029082774049217	0.018344519015659956	0.029082774049217004	0.22438478747203577	2.2371364653243846E-4	0.04384787472035794	0.01029082774049217
72	72	0.3197888656508316	0.011453042525644858	0.003087341898217309	0.006373867144706702	0.08465292301563589	0.15366995319191318	9.959167413604223E-5	0.014142017727317997	0.004581217010257942	9.959167413604223E-5	0.0027885668758091827	0.2256747335922717	9.959167413604223E-5	0.17219400458121703	0.0012946917637685488
73	73	2.467308166790032E-4	0.019491734517641253	0.02837404391808537	0.003947693066864051	0.05872193436960276	0.2237848507278559	0.077226745620528	0.1593881075746361	2.467308166790032E-4	2.467308166790032E-4	0.05650135701949173	0.28744140143103875	0.0076486553170490995	0.02615346656797434	0.050579817419195656
74	74	0.06091030789825971	0.011713520749665328	0.002677376171352075	0.019745649263721556	0.09052878179384204	0.17386211512717537	1.6733601070950468E-4	0.179384203480589	1.6733601070950468E-4	0.008701472556894243	0.012717536813922355	0.1507697456492637	1.6733601070950468E-4	0.2883199464524766	1.6733601070950468E-4
75	75	0.013999243284146803	0.004918653045781309	0.017404464623533865	0.010594021944759743	0.4283011729095724	0.08664396519107075	0.07642830117290957	0.061672342035565646	0.0026485054861899358	0.017404464623533865	0.012864169504351116	0.2285281876655316	0.021944759742716608	0.013999243284146803	0.0026485054861899358
76	76	3.8402457757296467E-4	0.0038402457757296467	0.010752688172043012	3.8402457757296467E-4	0.04416282642089094	0.28955453149001537	0.16052227342549924	3.8402457757296467E-4	0.002688172043010753	0.0015360983102918587	0.002688172043010753	0.16052227342549924	3.8402457757296467E-4	0.30683563748079873	0.015360983102918587
77	77	0.0035577449370552817	0.03229337712096333	2.736726874657909E-4	0.0019157088122605365	0.09140667761357416	0.19731800766283525	0.025725232621784343	0.055281882868089764	0.0035577449370552817	0.3910782703886152	0.005199781061850027	0.17268746579091407	0.0019157088122605365	0.007662835249042146	0.010125889436234265
78	78	0.0030165912518853692	0.016591251885369532	0.08220211161387632	7.541478129713423E-4	0.050527903469079934	0.13197586726998492	0.45098039215686275	0.030165912518853696	7.541478129713423E-4	7.541478129713423E-4	7.541478129713423E-4	0.15460030165912517	0.04826546003016591	7.541478129713423E-4	0.02790346907993967
79	79	0.006971119647175985	0.009958742353108549	0.015080381277564376	0.003129890453834116	0.17299758144828567	0.19177692417129036	0.030872101294636505	0.003556693697538768	0.01550718452126903	5.690709916062028E-4	0.018068003983496943	0.2532365912647603	1.422677479015507E-4	0.03428652724427372	0.24384691990325794
80	80	0.0073041168658698535	0.0351925630810093	0.11586985391766268	0.0033200531208499337	0.07304116865869853	0.09694555112881806	0.18160690571049137	3.3200531208499334E-4	0.0013280212483399733	0.008300132802124835	3.3200531208499334E-4	0.2692563081009296	0.018260292164674632	0.0013280212483399733	0.18758300132802125
81	81	7.627765064836002E-4	0.17009916094584285	7.627765064836002E-4	0.005339435545385202	0.19984744469870327	0.11517925247902365	0.048817696414950415	0.016781083142639205	7.627765064836002E-4	0.003051106025934401	0.003051106025934401	0.09000762776506484	0.003051106025934401	0.01906941266209001	0.32341723874904654
82	82	0.004361370716510903	6.230529595015575E-4	6.230529595015575E-4	6.230529595015575E-4	0.09221183800623053	0.3314641744548287	0.16137071651090343	6.230529595015575E-4	6.230529595015575E-4	0.00249221183800623	0.013707165109034268	0.15015576323987537	6.230529595015575E-4	0.03052959501557632	0.20996884735202492
83	83	7.199424046076314E-4	0.043916486681065514	0.0028797696184305254	0.00503959683225342	7.199424046076314E-4	0.13894888408927286	0.1929445644348452	0.011519078473722102	0.08063354931605472	0.022318214542836574	0.0028797696184305254	0.14758819294456443	0.3484521238300936	7.199424046076314E-4	7.199424046076314E-4
84	84	6.830601092896175E-4	0.04371584699453552	0.029371584699453553	0.012978142076502731	0.05806010928961748	0.1994535519125683	0.3592896174863388	6.830601092896175E-4	0.0068306010928961755	6.830601092896175E-4	0.0047814207650273225	0.2547814207650273	0.012978142076502731	0.012978142076502731	0.00273224043715847
85	85	0.02709447415329768	0.048484848484848485	0.00570409982174688	0.00784313725490196	0.07201426024955436	0.1875222816399287	0.02709447415329768	0.04955436720142603	0.00784313725490196	0.2634581105169341	0.04634581105169341	0.22388591800356508	0.011051693404634582	0.02174688057040998	3.5650623885918E-4
86	86	2.984183825723664E-4	0.02267979707549985	0.034318113995822144	2.984183825723664E-4	0.13906296627872278	0.09519546404058489	0.023575052223216948	0.004774694121157863	0.023575052223216948	0.06565204416592062	2.984183825723664E-4	0.15965383467621605	0.43002088928678006	2.984183825723664E-4	2.984183825723664E-4
87	87	0.06333917104495038	0.005545826036193812	0.023058960887332166	0.0020431990659661413	0.19118505545826037	0.09398715703444249	0.10799766491535318	0.0020431990659661413	0.0011675423234092236	0.0011675423234092236	0.008172796263864565	0.2332165791009924	0.023934617629889084	0.07209573847051955	0.17104495037945128
88	88	7.15307582260372E-4	0.05650929899856938	7.15307582260372E-4	7.15307582260372E-4	0.05436337625178827	0.07582260371959944	0.08869814020028613	7.15307582260372E-4	0.024320457796852647	0.2947067238912733	7.15307582260372E-4	0.18311874105865522	0.17453505007153075	0.0178826895565093	0.026466380543633764
89	89	2.794076557697681E-4	0.1452919810002794	2.794076557697681E-4	2.794076557697681E-4	0.08410170438670019	0.17211511595417714	0.015367421067337244	0.006146968426934898	0.006146968426934898	0.027102542609667508	0.003632299525006985	0.18385023749650742	0.3405979323833473	0.012014529198100029	0.002794076557697681
90	90	0.03453579418344519	0.019854586129753916	0.0022371364653243847	0.01859619686800895	0.06557606263982103	0.1486297539149888	0.030341163310961965	0.08864653243847875	1.3982102908277405E-4	1.3982102908277405E-4	0.0026565995525727067	0.20441834451901567	1.3982102908277405E-4	0.38352908277404923	5.592841163310962E-4
91	91	0.001954215522054718	0.00446677833612507	0.0547180346175321	0.012004466778336125	0.20547180346175323	0.04550530429927415	0.01954215522054718	2.7917364600781687E-4	2.7917364600781687E-4	0.0011166945840312675	0.007816862088218872	0.23478503629257397	0.29592406476828587	0.03545505304299274	0.08068118369625907
92	92	0.0043463724506853894	0.005349381477766633	0.008358408559010365	0.024406552992310263	0.005349381477766633	0.27214978268137746	0.07856904045469743	0.3122701437646272	0.0043463724506853894	0.002340354396522902	0.1307255098629221	0.04747576061517887	3.3433634236041456E-4	0.0896021397525911	0.014376462721497828
93	93	0.029704685199618948	0.02061141422014376	0.008140642591149216	0.007361219364337057	0.11440200917987356	0.1177795098293929	0.009439681302502815	0.27937992552178054	0.0029444877457348233	0.01359660517883433	0.003983718714817701	0.27470338616090756	0.014895643890187929	0.10271066077769117	3.464103230276262E-4
94	94	0.003333333333333333	0.003333333333333333	0.003333333333333333	0.003333333333333333	0.003333333333333333	0.2533333333333333	0.30333333333333334	0.06333333333333332	0.04333333333333333	0.013333333333333332	0.04333333333333333	0.10333333333333333	0.003333333333333333	0.003333333333333333	0.15333333333333335
95	95	0.013306719893546242	3.3266799733865603E-4	0.1340652029274784	0.017298735861610112	0.20392548236859614	0.13905522288755823	0.06121091151031271	0.06520292747837658	0.012308715901530274	0.014304723885562209	0.0013306719893546241	0.301729873586161	0.013306719893546242	0.022288755821689953	3.3266799733865603E-4
96	96	7.358351729212656E-4	7.358351729212656E-4	0.22369389256806474	0.013980868285504046	0.06696100073583518	0.21927888153053715	0.31640912435614427	7.358351729212656E-4	7.358351729212656E-4	7.358351729212656E-4	0.0029433406916850625	0.13318616629874908	7.358351729212656E-4	7.358351729212656E-4	0.018395879323031643
97	97	3.313452617627568E-4	0.25878064943671303	3.313452617627568E-4	0.003313452617627568	0.05699138502319417	0.30152418820410865	0.07985420808482438	0.00828363154406892	0.013253810470510273	3.313452617627568E-4	0.007289595758780649	0.20510271703114646	3.313452617627568E-4	0.029158383035122595	0.035122597746852224
98	98	0.2420856610800745	4.655493482309125E-4	0.03398510242085661	0.011638733705772814	0.15549348230912477	0.12895716945996274	0.09823091247672253	4.655493482309125E-4	4.655493482309125E-4	4.655493482309125E-4	0.006052141527001862	0.26163873370577284	0.011638733705772814	0.040968342644320296	0.0074487895716946
99	99	0.0029378531073446326	2.2598870056497175E-4	2.2598870056497175E-4	2.2598870056497175E-4	0.030056497175141243	0.3690395480225989	0.24022598870056497	0.06327683615819209	2.2598870056497175E-4	2.2598870056497175E-4	0.04225988700564972	0.20903954802259886	0.004971751412429378	0.03615819209039548	9.03954802259887E-4
100	100	9.746588693957114E-4	0.08576998050682261	9.746588693957114E-4	9.746588693957114E-4	0.08576998050682261	0.13840155945419105	0.2524366471734893	0.021442495126705652	9.746588693957114E-4	0.009746588693957116	0.21442495126705652	0.11208576998050683	0.009746588693957116	0.06530214424951267	9.746588693957114E-4
101	101	3.472222222222222E-4	0.3065972222222222	0.006597222222222222	0.0045138888888888885	0.2013888888888889	0.10868055555555554	0.005555555555555555	0.020138888888888887	0.0024305555555555556	0.08055555555555555	0.006597222222222222	0.22743055555555555	0.0013888888888888887	0.017013888888888887	0.010763888888888889
102	102	0.00778296642205915	0.02913053146542139	0.0011118523460084502	0.00578163219924394	0.06281965754947744	0.263286635534801	0.02179230598176562	0.29664220591505447	0.008783633533466756	0.008116522125861685	0.03646875694907716	0.12686235267956414	1.11185234600845E-4	0.12552812986435402	0.00578163219924394
103	103	0.009950248756218905	0.04539800995024875	0.24129353233830847	6.218905472636816E-4	0.09203980099502489	0.08830845771144279	0.10323383084577115	0.017412935323383085	0.00808457711442786	0.0640547263681592	0.0024875621890547263	0.2842039800995025	0.019278606965174132	6.218905472636816E-4	0.02300995024875622
104	104	0.008289703315881325	4.3630017452006976E-4	0.001745200698080279	0.008289703315881325	0.058027923211169286	0.2766143106457243	0.3891797556719022	0.07635253054101222	0.003054101221640489	4.3630017452006976E-4	0.008289703315881325	0.15095986038394416	4.3630017452006976E-4	0.013525305410122165	0.004363001745200698
105	105	4.5662100456621003E-4	0.0031963470319634705	0.07579908675799087	4.5662100456621003E-4	0.10593607305936073	0.06894977168949772	0.32511415525114157	4.5662100456621003E-4	0.02237442922374429	0.00593607305936073	0.01004566210045662	0.271689497716895	0.05936073059360731	0.01004566210045662	0.04018264840182648
106	106	0.020953956437827406	0.04245933278191343	0.0011028398125172319	0.0027570995312930797	0.1243451888613179	0.09622277364212847	0.012682657843948167	0.04163220292252551	0.006065618968844775	0.05403915081334436	0.012682657843948167	0.3054866280672732	0.25585883650399777	0.01350978770333609	0.010201268265784396
107	107	0.004715969989281886	0.016291532690246517	2.1436227224008573E-4	2.1436227224008573E-4	0.13011789924973205	0.1159699892818864	0.033654876741693464	0.4079314040728832	0.0021436227224008574	0.03687031082529475	2.1436227224008573E-4	0.1892818863879957	0.01822079314040729	0.035584137191854236	0.00857449088960343
108	108	4.909180166912126E-4	0.007854688267059401	0.007854688267059401	0.0034364261168384883	0.15218458517427588	0.14187530682376043	4.909180166912126E-4	0.006381934216985763	0.3745704467353952	0.040255277368679426	4.909180166912126E-4	0.2508591065292096	0.007854688267059401	4.909180166912126E-4	0.004909180166912126
109	109	0.001488095238095238	0.1755952380952381	0.023809523809523808	0.019345238095238092	0.023809523809523808	0.3407738095238095	0.15327380952380953	0.028273809523809524	0.001488095238095238	0.028273809523809524	0.001488095238095238	0.18898809523809526	0.001488095238095238	0.001488095238095238	0.010416666666666668
110	110	0.003375527426160337	0.04135021097046413	0.05654008438818565	0.021097046413502112	0.0818565400843882	0.28185654008438815	0.06666666666666667	0.026160337552742618	8.438818565400843E-4	0.05147679324894514	8.438818565400843E-4	0.07679324894514768	0.003375527426160337	8.438818565400843E-4	0.2869198312236287
111	111	0.01614382682076683	0.0034855989726655656	1.83452577508714E-4	0.16363969913777288	0.10199963309484499	0.12731608879104753	0.01339203815813612	0.018895615483397542	1.83452577508714E-4	0.0023848835076132817	0.031003485598972667	0.19445973215923681	0.012841680425609979	0.295725554944047	0.0183452577508714
112	112	0.20051085568326948	0.0031928480204342275	0.06832694763729245	0.0022349936143039595	0.05012771392081737	0.27522349936143037	0.12388250319284803	0.0012771392081736908	0.0031928480204342275	3.192848020434227E-4	0.004150702426564496	0.1727330779054917	0.014687100893997447	0.03959131545338442	0.04054916985951469
113	113	0.21327928971241072	1.9301293186643504E-4	0.0013510905230650454	0.05172746574020459	0.16985138004246284	0.13510905230650455	0.02740783632503378	0.07720517274657403	0.004825323296660877	0.008878594865856012	0.007720517274657402	0.20227755259602392	0.0019301293186643506	0.08936498745415944	0.008878594865856012
114	114	0.3219597550306212	0.005918377849827595	0.00792547990324739	0.0025217436055787142	0.11661777571921157	0.1510472955586434	0.011630899078791621	0.0026761360712263906	0.005763985384179919	0.003911275796407802	0.026915753177911585	0.25093922083269005	0.005763985384179919	0.07369667026915754	0.012711646338325356
115	115	7.680491551459293E-4	7.680491551459293E-4	0.01228878648233487	0.005376344086021506	0.10675883256528418	0.18740399385560674	0.2127496159754224	0.2726574500768049	0.009984639016897081	0.005376344086021506	0.005376344086021506	0.1228878648233487	0.005376344086021506	0.04915514592933948	0.0030721966205837174
116	116	3.049710277523635E-4	0.013113754193351632	0.007624275693809089	0.025007624275693807	0.0359865812747789	0.22994815492528212	0.3351631594998475	0.011283928026837451	0.005794449527294907	3.049710277523635E-4	0.003964623360780725	0.2967368100030497	0.006709362610551997	0.0021347971942665446	0.0259225373589509
117	117	0.002703433360367667	0.02379021357123547	0.001892403352257367	0.010002703433360368	0.46336847796701813	0.14301162476344959	0.018113003514463367	0.006758583400919168	2.703433360367667E-4	0.002703433360367667	0.0010813733441470668	0.12030278453636119	2.703433360367667E-4	0.044065963773992974	0.16166531494998648
118	118	3.8402457757296467E-4	0.017665130568356377	0.051075268817204304	3.8402457757296467E-4	0.04531490015360983	0.15937019969278035	0.3621351766513057	0.04992319508448541	3.8402457757296467E-4	0.006144393241167435	0.023425499231950843	0.20314900153609833	0.06835637480798772	0.008448540706605223	0.0038402457757296467
119	119	0.010945273631840795	0.04079601990049751	0.027363184079601987	0.012437810945273632	0.40199004975124375	0.136318407960199	0.0945273631840796	4.975124378109452E-4	4.975124378109452E-4	0.00945273631840796	0.013930348258706468	0.2064676616915423	0.003482587064676617	4.975124378109452E-4	0.04079601990049751
120	120	6.734006734006733E-4	0.004713804713804714	0.020875420875420877	0.004713804713804714	0.08956228956228957	0.24915824915824916	0.06734006734006734	0.006734006734006735	0.004713804713804714	6.734006734006733E-4	0.02693602693602694	0.28350168350168353	0.032996632996632996	0.022895622895622896	0.18451178451178452
121	121	0.020703933747412008	0.014492753623188406	0.0020703933747412005	0.0020703933747412005	0.07039337474120083	0.2318840579710145	0.10144927536231883	0.0020703933747412005	0.0020703933747412005	0.008281573498964802	0.014492753623188406	0.0020703933747412005	0.0020703933747412005	0.020703933747412008	0.505175983436853
122	122	0.0024129610479145126	0.024129610479145122	0.0448121337469838	3.447087211306446E-4	0.08617718028266115	0.12961047914512236	0.3633229920716994	0.003447087211306446	0.0013788348845225785	0.00965184419165805	3.447087211306446E-4	0.24853498793519477	0.025163736642537054	0.018958979662185453	0.041709755256808
123	123	0.006724303554274736	0.018972142170989432	2.4015369836695484E-4	0.025456292026897216	0.10398655139289145	0.20557156580211333	0.1962055715658021	0.1292026897214217	0.0024015369836695487	9.606147934678194E-4	2.4015369836695484E-4	0.17963496637848222	2.4015369836695484E-4	0.10470701248799232	0.025456292026897216
124	124	3.935458480913026E-4	0.005116096025186934	0.07005116096025187	0.003935458480913027	0.06296733569460843	0.1751279024006297	0.41715859897678076	0.003935458480913027	0.016922471467926015	0.0027548209366391185	0.0015741833923652105	0.18457300275482094	3.935458480913026E-4	0.014561196379378197	0.04053522235340418
125	125	0.04467552474484883	0.017523589447332948	0.0036587714230695164	0.0013479684190256115	0.1451954554207587	0.18563450799152703	0.09031388407471597	0.1648372809551319	0.002503369921047564	7.702676680146351E-4	0.012901983439245137	0.17581359522434045	0.002503369921047564	0.052185634507991525	0.10013479684190256
126	126	0.003115264797507788	0.13629283489096575	0.02881619937694704	0.09657320872274144	0.11526479750778816	0.1970404984423676	0.00778816199376947	0.12694704049844238	7.78816199376947E-4	0.00778816199376947	7.78816199376947E-4	0.18769470404984423	7.78816199376947E-4	0.08722741433021808	0.003115264797507788
